1853.0120520200001 1.0000000000000000 1.00000000000000005E-004
1853.0200872999999 1.0000000000000000 1.00000000000000005E-004
1853.0281226100001 1.0000000000000000 1.00000000000000005E-004
1853.0361579600001 1.0000000000000000 1.00000000000000005E-004
1853.0441933400000 1.0000000000000000 1.00000000000000005E-004
1853.0522287599999 1.0000000000000000 1.00000000000000005E-004
1853.0602642100000 1.0000000000000000 1.00000000000000005E-004
1853.0682996999999 1.0000000000000000 1.00000000000000005E-004
1853.0763352199999 1.0000000000000000 1.00000000000000005E-004
1853.0843707700001 1.0000000000000000 1.00000000000000005E-004
1853.0924063699999 1.0000000000000000 1.00000000000000005E-004
1853.1004419900000 1.0000000000000000 1.00000000000000005E-004
1853.1084776499999 1.0000000000000000 1.00000000000000005E-004
1853.1165133500001 1.0000000000000000 1.00000000000000005E-004
1853.1245490800000 1.0000000000000000 1.00000000000000005E-004
1853.1325848399999 1.0000000000000000 1.00000000000000005E-004
1853.1406206500001 1.0000000000000000 1.00000000000000005E-004
1853.1486564800000 1.0000000000000000 1.00000000000000005E-004
1853.1566923500000 1.0000000000000000 1.00000000000000005E-004
1853.1647282599999 1.0000000000000000 1.00000000000000005E-004
1853.1727642000001 0.99998488222172677 1.00000000000000005E-004
1853.1808001700001 0.99998472357144241 1.00000000000000005E-004
1853.1888361800000 0.99998456241100897 1.00000000000000005E-004
1853.1968722199999 0.99998439868716271 1.00000000000000005E-004
1853.2049082999999 0.99998423234516975 1.00000000000000005E-004
1853.2129444200000 0.99998406332891843 1.00000000000000005E-004
1853.2209805699999 0.99998389158092960 1.00000000000000005E-004
1853.2290167500000 0.99998371704201960 1.00000000000000005E-004
1853.2370529699999 0.99998353965129960 1.00000000000000005E-004
1853.2450892200000 0.99998335934628313 1.00000000000000005E-004
1853.2531255100000 0.99998317606278098 1.00000000000000005E-004
1853.2611618300000 0.99998298973482813 1.00000000000000005E-004
1853.2691981900000 0.99998280029461839 1.00000000000000005E-004
1853.2772345799999 0.99998260767244640 1.00000000000000005E-004
1853.2852710100001 0.99998241179664515 1.00000000000000005E-004
1853.2933074699999 0.99998221259351538 1.00000000000000005E-004
1853.3013439700001 0.99998200998726183 1.00000000000000005E-004
1853.3093805000001 0.99998180389991620 1.00000000000000005E-004
1853.3174170699999 0.99998159425126498 1.00000000000000005E-004
1853.3254536699999 0.99998138095877043 1.00000000000000005E-004
1853.3334903099999 0.99998116393748504 1.00000000000000005E-004
1853.3415269800000 0.99998094309997265 1.00000000000000005E-004
1853.3495636900000 0.99998071835624291 1.00000000000000005E-004
1853.3576004300000 0.99998048961370212 1.00000000000000005E-004
1853.3656372000000 0.99998025677679891 1.00000000000000005E-004
1853.3736740200000 0.99998001974713657 1.00000000000000005E-004
1853.3817108600001 0.99997977842361463 1.00000000000000005E-004
1853.3897477400001 0.99997953270178253 1.00000000000000005E-004
1853.3977846600001 0.99997928247400081 1.00000000000000005E-004
1853.4058216100000 0.99997902762962665 1.00000000000000005E-004
1853.4138585900000 0.99997876805437858 1.00000000000000005E-004
1853.4218956100001 0.99997850363016783 1.00000000000000005E-004
1853.4299326700000 0.99997823423545507 1.00000000000000005E-004
1853.4379697600000 0.99997795974512560 1.00000000000000005E-004
1853.4460068799999 0.99997768002983412 1.00000000000000005E-004
1853.4540440400001 0.99997739495583327 1.00000000000000005E-004
1853.4620812400001 0.99997710438533816 1.00000000000000005E-004
1853.4701184700000 0.99997680817639323 1.00000000000000005E-004
1853.4781557300000 0.99997650618217560 1.00000000000000005E-004
1853.4861930300001 0.99997619825087436 1.00000000000000005E-004
1853.4942303600001 0.99997588422576167 1.00000000000000005E-004
1853.5022677300001 0.99997556394483711 1.00000000000000005E-004
1853.5103051399999 0.99997523724096171 1.00000000000000005E-004
1853.5183425700000 0.99997490394137067 1.00000000000000005E-004
1853.5263800499999 0.99997456386715688 1.00000000000000005E-004
1853.5344175499999 0.99997421683337750 1.00000000000000005E-004
1853.5424551000001 0.99997386264865851 1.00000000000000005E-004
1853.5504926799999 0.99997350111531447 1.00000000000000005E-004
1853.5585302899999 0.99997313202876936 1.00000000000000005E-004
1853.5665679399999 0.99997275517695250 1.00000000000000005E-004
1853.5746056200001 0.99997237034042152 1.00000000000000005E-004
1853.5826433400000 0.99997197729199516 1.00000000000000005E-004
1853.5906810900001 0.99997157579647611 1.00000000000000005E-004
1853.5987188700001 0.99997116560983779 1.00000000000000005E-004
1853.6067567000000 0.99997074647921247 1.00000000000000005E-004
1853.6147945499999 0.99997031814296189 1.00000000000000005E-004
1853.6228324399999 0.99996988032929546 1.00000000000000005E-004
1853.6308703699999 0.99996943275626715 1.00000000000000005E-004
1853.6389083300000 0.99996897513174721 1.00000000000000005E-004
1853.6469463300000 0.99996850715250296 1.00000000000000005E-004
1853.6549843600001 0.99996802850393118 1.00000000000000005E-004
1853.6630224200001 0.99996753885910905 1.00000000000000005E-004
1853.6710605200001 0.99996703787807317 1.00000000000000005E-004
1853.6790986599999 0.99996652520804441 1.00000000000000005E-004
1853.6871368300001 0.99996600048268691 1.00000000000000005E-004
1853.6951750400001 0.99996546332103331 1.00000000000000005E-004
1853.7032132800000 0.99996491332710602 1.00000000000000005E-004
1853.7112515500000 0.99996435008879025 1.00000000000000005E-004
1853.7192898599999 0.99996377317704166 1.00000000000000005E-004
1853.7273282000001 0.99996318214546487 1.00000000000000005E-004
1853.7353665799999 0.99996257652910248 1.00000000000000005E-004
1853.7434049999999 0.99996195584403080 1.00000000000000005E-004
1853.7514434499999 0.99996131958661216 1.00000000000000005E-004
1853.7594819300000 0.99996066723143140 1.00000000000000005E-004
1853.7675204499999 0.99995999823035364 1.00000000000000005E-004
1853.7755589999999 0.99995931201191679 1.00000000000000005E-004
1853.7835975900000 0.99995860797978553 1.00000000000000005E-004
1853.7916362200001 0.99995788551217868 1.00000000000000005E-004
1853.7996748700000 0.99995714395984370 1.00000000000000005E-004
1853.8077135700000 0.99995638264380848 1.00000000000000005E-004
1853.8157523000000 0.99995560085553103 1.00000000000000005E-004
1853.8237910600001 0.99995479785448438 1.00000000000000005E-004
1853.8318298600000 0.99995397286566290 1.00000000000000005E-004
1853.8398686900000 0.99995312507856515 1.00000000000000005E-004
1853.8479075600001 0.99995225364505302 1.00000000000000005E-004
1853.8559464600000 0.99995135767718568 1.00000000000000005E-004
1853.8639854000000 0.99995043624500335 1.00000000000000005E-004
1853.8720243700000 0.99994948837431885 1.00000000000000005E-004
1853.8800633700000 0.99994851304306887 1.00000000000000005E-004
1853.8881024200000 0.99994750917940844 1.00000000000000005E-004
1853.8961414900000 0.99994647565984141 1.00000000000000005E-004
1853.9041806000000 0.99994541130375747 1.00000000000000005E-004
1853.9122197500001 0.99994431487106583 1.00000000000000005E-004
1853.9202589300000 0.99994318505961388 1.00000000000000005E-004
1853.9282981500000 0.99994202050025716 1.00000000000000005E-004
1853.9363374000000 0.99994081975326832 1.00000000000000005E-004
1853.9443766800000 0.99993958130284033 1.00000000000000005E-004
1853.9524160000001 0.99993830355184909 1.00000000000000005E-004
1853.9604553600000 0.99993698481875970 1.00000000000000005E-004
1853.9684947500000 0.99993562333181385 1.00000000000000005E-004
1853.9765341800000 0.99993421722199760 1.00000000000000005E-004
1853.9845736400000 0.99993276451738577 1.00000000000000005E-004
1853.9926131300001 0.99993126313502534 1.00000000000000005E-004
1854.0006526600000 0.99992971087307336 1.00000000000000005E-004
1854.0086922300000 0.99992810540568799 1.00000000000000005E-004
1854.0167318199999 0.99992644427248478 1.00000000000000005E-004
1854.0247714600000 0.99992472486715578 1.00000000000000005E-004
1854.0328111300000 0.99992294443096663 1.00000000000000005E-004
1854.0408508300000 0.99992110003983614 1.00000000000000005E-004
1854.0488905699999 0.99991918859018736 1.00000000000000005E-004
1854.0569303499999 0.99991720678999596 1.00000000000000005E-004
1854.0649701499999 0.99991515114252461 1.00000000000000005E-004
1854.0730100000001 0.99991301792848120 1.00000000000000005E-004
1854.0810498799999 0.99991080319382353 1.00000000000000005E-004
1854.0890897899999 0.99990850272928489 1.00000000000000005E-004
1854.0971297399999 0.99990611204818680 1.00000000000000005E-004
1854.1051697200000 0.99990362636694752 1.00000000000000005E-004
1854.1132097400000 0.99990104058064844 1.00000000000000005E-004
1854.1212497900001 0.99989834923655330 1.00000000000000005E-004
1854.1292898800000 0.99989554650518597 1.00000000000000005E-004
1854.1373300000000 0.99989262614864893 1.00000000000000005E-004
1854.1453701600001 0.99988958148578277 1.00000000000000005E-004
1854.1534103500001 0.99988640535377116 1.00000000000000005E-004
1854.1614505800001 0.99988309006579457 1.00000000000000005E-004
1854.1694908400000 0.99987962736440938 1.00000000000000005E-004
1854.1775311399999 0.99987600837017088 1.00000000000000005E-004
1854.1855714700000 0.99987222352525085 1.00000000000000005E-004
1854.1936118300000 0.99986826252572858 1.00000000000000005E-004
1854.2016522399999 0.99986411425444743 1.00000000000000005E-004
1854.2096926700001 0.99985976670714327 1.00000000000000005E-004
1854.2177331400001 0.99985520689551499 1.00000000000000005E-004
1854.2257736500001 0.99985042075379804 1.00000000000000005E-004
1854.2338141900000 0.99984539303419018 1.00000000000000005E-004
1854.2418547699999 0.99984010718019756 1.00000000000000005E-004
1854.2498953800000 0.99983454519201942 1.00000000000000005E-004
1854.2579360200000 0.99982868746741105 1.00000000000000005E-004
1854.2659767000000 0.99982251262561306 1.00000000000000005E-004
1854.2740174200001 0.99981599732152027 1.00000000000000005E-004
1854.2820581700000 0.99980911602447986 1.00000000000000005E-004
1854.2900989499999 0.99980184075388678 1.00000000000000005E-004
1854.2981397700000 0.99979414079114892 1.00000000000000005E-004
1854.3061806300000 0.99978598236663241 1.00000000000000005E-004
1854.3142215200000 0.99977732828810417 1.00000000000000005E-004
1854.3222624400000 0.99976813749869919 1.00000000000000005E-004
1854.3303034000000 0.99975836458649425 1.00000000000000005E-004
1854.3383443900000 0.99974795922544513 1.00000000000000005E-004
1854.3463854199999 0.99973686551533369 1.00000000000000005E-004
1854.3544264899999 0.99972502123254481 1.00000000000000005E-004
1854.3624675900001 0.99971235695322558 1.00000000000000005E-004
1854.3705087200001 0.99969879500442893 1.00000000000000005E-004
1854.3785498899999 0.99968424826074376 1.00000000000000005E-004
1854.3865910899999 0.99966861873982082 1.00000000000000005E-004
1854.3946323299999 0.99965179592758335 1.00000000000000005E-004
1854.4026736000001 0.99963365479637867 1.00000000000000005E-004
1854.4107149100000 0.99961405344796905 1.00000000000000005E-004
1854.4187562499999 0.99959283029649193 1.00000000000000005E-004
1854.4267976300000 0.99956980068464807 1.00000000000000005E-004
1854.4348390400000 0.99954475279847232 1.00000000000000005E-004
1854.4428804900001 0.99951744270880993 1.00000000000000005E-004
1854.4509219700001 0.99948758831843676 1.00000000000000005E-004
1854.4589634900001 0.99945486192839750 1.00000000000000005E-004
1854.4670050400000 0.99941888104951315 1.00000000000000005E-004
1854.4750466300000 0.99937919696627020 1.00000000000000005E-004
1854.4830882500000 0.99933528039781372 1.00000000000000005E-004
1854.4911299099999 0.99928650337631553 1.00000000000000005E-004
1854.4991716000000 0.99923211615183050 1.00000000000000005E-004
1854.5072133300000 0.99917121749028626 1.00000000000000005E-004
1854.5152550900000 0.99910271609870516 1.00000000000000005E-004
1854.5232968800001 0.99902527987191470 1.00000000000000005E-004
1854.5313387100000 0.99893726847724185 1.00000000000000005E-004
1854.5393805799999 0.99883664277296846 1.00000000000000005E-004
1854.5474224800000 0.99872084092432667 1.00000000000000005E-004
1854.5554644199999 0.99858660641696029 1.00000000000000005E-004
1854.5635063899999 0.99842974524787431 1.00000000000000005E-004
1854.5715483900001 0.99824477564973779 1.00000000000000005E-004
1854.5795904300001 0.99802441140864273 1.00000000000000005E-004
1854.5876325100000 0.99775877943250824 1.00000000000000005E-004
1854.5956746200000 0.99743419572408420 1.00000000000000005E-004
1854.6037167600000 0.99703117458849344 1.00000000000000005E-004
1854.6117589400001 0.99652099831422336 1.00000000000000005E-004
1854.6198011600000 0.99585868613340522 1.00000000000000005E-004
1854.6278434100000 0.99495674618483188 1.00000000000000005E-004
1854.6358856899999 0.99350015478741971 1.00000000000000005E-004
1854.6439280100001 0.98970464946520553 1.00000000000000005E-004
1854.6519703600000 0.97486795582842045 1.00000000000000005E-004
1854.6600127500001 0.92150850608769919 1.00000000000000005E-004
1854.6680551800000 0.78393629131436204 1.00000000000000005E-004
1854.6760976400001 0.54846913114513351 1.00000000000000005E-004
1854.6841401300001 0.28852166772729482 1.00000000000000005E-004
1854.6921826600001 0.10629950701188874 1.00000000000000005E-004
1854.7002252200000 2.60879055593179893E-002 1.00000000000000005E-004
1854.7082678199999 4.12987813357861434E-003 1.00000000000000005E-004
1854.7163104500000 5.88413513089527875E-004 1.00000000000000005E-004
1854.7243531199999 2.14449045227242847E-003 1.00000000000000005E-004
1854.7323958200000 1.55776093121182575E-002 1.00000000000000005E-004
1854.7404385600000 7.28110023175601168E-002 1.00000000000000005E-004
1854.7484813300000 0.22327093195319711 1.00000000000000005E-004
1854.7565241400000 0.46992333994770930 1.00000000000000005E-004
1854.7645669799999 0.72468170462383685 1.00000000000000005E-004
1854.7726098600001 0.89278329332318340 1.00000000000000005E-004
1854.7806527700000 0.96536217590581430 1.00000000000000005E-004
1854.7886957200001 0.98711637068325286 1.00000000000000005E-004
1854.7967387000001 0.99260059951981028 1.00000000000000005E-004
1854.8047817199999 0.99444826955506072 1.00000000000000005E-004
1854.8128247699999 0.99549724262953065 1.00000000000000005E-004
1854.8208678599999 0.99624700398001798 1.00000000000000005E-004
1854.8289109800000 0.99681731069520108 1.00000000000000005E-004
1854.8369541300001 0.99726366714389658 1.00000000000000005E-004
1854.8449973300001 0.99762040775680949 1.00000000000000005E-004
1854.8530405500001 0.99791046369816527 1.00000000000000005E-004
1854.8610838100001 0.99814974431827475 1.00000000000000005E-004
1854.8691271099999 0.99834961128631816 1.00000000000000005E-004
1854.8771704400001 0.99851837556214251 1.00000000000000005E-004
1854.8852138000000 0.99866224238691326 1.00000000000000005E-004
1854.8932572000001 0.99878592745339634 1.00000000000000005E-004
1854.9013006400000 0.99889307021896867 1.00000000000000005E-004
1854.9093441099999 0.99898651832109653 1.00000000000000005E-004
1854.9173876200000 0.99906852734868312 1.00000000000000005E-004
1854.9254311600000 0.99914090365479924 1.00000000000000005E-004
1854.9334747299999 0.99920510835073872 1.00000000000000005E-004
1854.9415183399999 0.99926233404614628 1.00000000000000005E-004
1854.9495619800000 0.99931356224692891 1.00000000000000005E-004
1854.9576056599999 0.99935960692001591 1.00000000000000005E-004
1854.9656493800001 0.99940114780852563 1.00000000000000005E-004
1854.9736931299999 0.99943875625048262 1.00000000000000005E-004
1854.9817369100001 0.99947291542661465 1.00000000000000005E-004
1854.9897807299999 0.99950403625016271 1.00000000000000005E-004
1854.9978245800000 0.99953246998267009 1.00000000000000005E-004
1855.0058684700000 0.99955851838094778 1.00000000000000005E-004
1855.0139124000000 0.99958244184375789 1.00000000000000005E-004
1855.0219563500000 0.99960446607329334 1.00000000000000005E-004
1855.0300003499999 0.99962478751713557 1.00000000000000005E-004
1855.0380443800000 0.99964357777288237 1.00000000000000005E-004
1855.0460884399999 0.99966098729468600 1.00000000000000005E-004
1855.0541325400000 0.99967714846771838 1.00000000000000005E-004
1855.0621766700001 0.99969217814021716 1.00000000000000005E-004
1855.0702208400000 0.99970617976919907 1.00000000000000005E-004
1855.0782650399999 0.99971924522580546 1.00000000000000005E-004
1855.0863092800000 0.99973145632179949 1.00000000000000005E-004
1855.0943535500001 0.99974288610550377 1.00000000000000005E-004
1855.1023978600001 0.99975359996672541 1.00000000000000005E-004
1855.1104422000001 0.99976365658228084 1.00000000000000005E-004
1855.1184865800001 0.99977310872787772 1.00000000000000005E-004
1855.1265309900000 0.99978200397722550 1.00000000000000005E-004
1855.1345754399999 0.99979038530581865 1.00000000000000005E-004
1855.1426199200000 0.99979829161337141 1.00000000000000005E-004
1855.1506644300000 0.99980575818797246 1.00000000000000005E-004
1855.1587089899999 0.99981281709541781 1.00000000000000005E-004
1855.1667535700001 0.99981949751922339 1.00000000000000005E-004
1855.1747981900000 0.99982582608100445 1.00000000000000005E-004
1855.1828428500000 0.99983182709997431 1.00000000000000005E-004
1855.1908875399999 0.99983752282261484 1.00000000000000005E-004
1855.1989322699999 0.99984293363694188 1.00000000000000005E-004
1855.2069770300000 0.99984807825347832 1.00000000000000005E-004
1855.2150218199999 0.99985297387257954 1.00000000000000005E-004
1855.2230666500000 0.99985763632976865 1.00000000000000005E-004
1855.2311115200000 0.99986208021588585 1.00000000000000005E-004
1855.2391564200000 0.99986631899286527 1.00000000000000005E-004
1855.2472013500001 0.99987036510469562 1.00000000000000005E-004
1855.2552463200000 0.99987423006852538 1.00000000000000005E-004
1855.2632913299999 0.99987792454932733 1.00000000000000005E-004
1855.2713363700000 0.99988145843449194 1.00000000000000005E-004
1855.2793814400000 0.99988484090737506 1.00000000000000005E-004
1855.2874265500000 0.99988808050669609 1.00000000000000005E-004
1855.2954717000000 0.99989118517424103 1.00000000000000005E-004
1855.3035168800000 0.99989416230428096 1.00000000000000005E-004
1855.3115620900001 0.99989701879363535 1.00000000000000005E-004
1855.3196073399999 0.99989976108112988 1.00000000000000005E-004
1855.3276526300001 0.99990239517817914 1.00000000000000005E-004
1855.3356979400000 0.99990492670540998 1.00000000000000005E-004
1855.3437432999999 0.99990736092566412 1.00000000000000005E-004
1855.3517886899999 0.99990970276567748 1.00000000000000005E-004
1855.3598341100001 0.99991195684382816 1.00000000000000005E-004
1855.3678795700000 0.99991412749504738 1.00000000000000005E-004
1855.3759250600001 0.99991621878907688 1.00000000000000005E-004
1855.3839705900000 0.99991823455016771 1.00000000000000005E-004
1855.3920161500000 0.99992017837495295 1.00000000000000005E-004
1855.4000617500001 0.99992205364897258 1.00000000000000005E-004
1855.4081073899999 0.99992386355930829 1.00000000000000005E-004
1855.4161530500000 0.99992561110981981 1.00000000000000005E-004
1855.4241987600001 0.99992729913510625 1.00000000000000005E-004
1855.4322444899999 0.99992893030993879 1.00000000000000005E-004
1855.4402902700001 0.99993050716030785 1.00000000000000005E-004
1855.4483360700001 0.99993203207333103 1.00000000000000005E-004
1855.4563819200000 0.99993350730624819 1.00000000000000005E-004
1855.4644277899999 0.99993493499450381 1.00000000000000005E-004
1855.4724736999999 0.99993631716111331 1.00000000000000005E-004
1855.4805196499999 0.99993765572259197 1.00000000000000005E-004
1855.4885656300000 0.99993895249449760 1.00000000000000005E-004
1855.4966116500000 0.99994020919920590 1.00000000000000005E-004
1855.5046577000001 0.99994142747134385 1.00000000000000005E-004
1855.5127037899999 0.99994260886302644 1.00000000000000005E-004
1855.5207499099999 0.99994375484874498 1.00000000000000005E-004
1855.5287960700000 0.99994486682987760 1.00000000000000005E-004
1855.5368422600000 0.99994594613868959 1.00000000000000005E-004
1855.5448884800001 0.99994699404336029 1.00000000000000005E-004
1855.5529347400000 0.99994801175196502 1.00000000000000005E-004
1855.5609810399999 0.99994900041421186 1.00000000000000005E-004
1855.5690273700000 0.99994996112506052 1.00000000000000005E-004
1855.5770737400001 0.99995089492861100 1.00000000000000005E-004
1855.5851201400001 0.99995180282039231 1.00000000000000005E-004
1855.5931665700000 0.99995268575078133 1.00000000000000005E-004
1855.6012130399999 0.99995354462766783 1.00000000000000005E-004
1855.6092595499999 0.99995438031723183 1.00000000000000005E-004
1855.6173060900001 0.99995519364623509 1.00000000000000005E-004
1855.6253526600001 0.99995598540565434 1.00000000000000005E-004
1855.6333992699999 0.99995675635252046 1.00000000000000005E-004
1855.6414459200000 0.99995750721022358 1.00000000000000005E-004
1855.6494926000000 0.99995823867029188 1.00000000000000005E-004
1855.6575393099999 0.99995895139540625 1.00000000000000005E-004
1855.6655860599999 0.99995964602084864 1.00000000000000005E-004
1855.6736328500001 0.99996032315456784 1.00000000000000005E-004
1855.6816796700000 0.99996098337855843 1.00000000000000005E-004
1855.6897265200000 0.99996162725132931 1.00000000000000005E-004
1855.6977734100001 0.99996225530887528 1.00000000000000005E-004
1855.7058203300001 0.99996286806521406 1.00000000000000005E-004
1855.7138672900001 0.99996346601374764 1.00000000000000005E-004
1855.7219142900001 0.99996404962766661 1.00000000000000005E-004
1855.7299613099999 0.99996461936146230 1.00000000000000005E-004
1855.7380083800001 0.99996517565239240 1.00000000000000005E-004
1855.7460554800000 0.99996571892000974 1.00000000000000005E-004
1855.7541026100000 0.99996624956756786 1.00000000000000005E-004
1855.7621497800001 0.99996676798325435 1.00000000000000005E-004
1855.7701969800000 0.99996727454029921 1.00000000000000005E-004
1855.7782442200000 0.99996776959775280 1.00000000000000005E-004
1855.7862914899999 0.99996825350116980 1.00000000000000005E-004
1855.7943388000001 0.99996872658322544 1.00000000000000005E-004
1855.8023861400000 0.99996918916428179 1.00000000000000005E-004
1855.8104335200001 0.99996964155293167 1.00000000000000005E-004
1855.8184809300001 0.99997008404651100 1.00000000000000005E-004
1855.8265283799999 0.99997051693159100 1.00000000000000005E-004
1855.8345758600001 0.99997094048443769 1.00000000000000005E-004
1855.8426233800001 0.99997135497145873 1.00000000000000005E-004
1855.8506709300000 0.99997176064962234 1.00000000000000005E-004
1855.8587185199999 0.99997215776685988 1.00000000000000005E-004
1855.8667661400000 0.99997254656243229 1.00000000000000005E-004
1855.8748138000001 0.99997292726726639 1.00000000000000005E-004
1855.8828614900001 0.99997330010422469 1.00000000000000005E-004
1855.8909092100000 0.99997366528884235 1.00000000000000005E-004
1855.8989569800001 0.99997402302929739 1.00000000000000005E-004
1855.9070047700000 0.99997437352632967 1.00000000000000005E-004
1855.9150526000001 0.99997471697434936 1.00000000000000005E-004
1855.9231004700000 0.99997505356132699 1.00000000000000005E-004
1855.9311483700001 0.99997538346873582 1.00000000000000005E-004
1855.9391963099999 0.99997570687214510 1.00000000000000005E-004
1855.9472442799999 0.99997602394129681 1.00000000000000005E-004
1855.9552922800001 0.99997633484060700 1.00000000000000005E-004
1855.9633403200000 0.99997663972944162 1.00000000000000005E-004
1855.9713884000000 0.99997693876176963 1.00000000000000005E-004
1855.9794365099999 0.99997723208638678 1.00000000000000005E-004
1855.9874846499999 0.99997751984766547 1.00000000000000005E-004
1855.9955328300000 0.99997780218570820 1.00000000000000005E-004
1856.0035810500001 0.99997807923597537 1.00000000000000005E-004
1856.0116293000001 0.99997835112946298 1.00000000000000005E-004
1856.0196775800000 0.99997861799338683 1.00000000000000005E-004
1856.0277259000000 0.99997887995131340 1.00000000000000005E-004
1856.0357742599999 0.99997913712279207 1.00000000000000005E-004
1856.0438226500000 0.99997938962351474 1.00000000000000005E-004
1856.0518710700001 0.99997963756593000 1.00000000000000005E-004
1856.0599195299999 0.99997988105935531 1.00000000000000005E-004
1856.0679680300000 0.99998012020963067 1.00000000000000005E-004
1856.0760165600000 0.99998035511924099 1.00000000000000005E-004
1856.0840651200001 0.99998058588785377 1.00000000000000005E-004
1856.0921137200000 0.99998081261235849 1.00000000000000005E-004
1856.1001623499999 0.99998103538675598 1.00000000000000005E-004
1856.1082110200000 0.99998125430237339 1.00000000000000005E-004
1856.1162597299999 0.99998146944773370 1.00000000000000005E-004
1856.1243084600001 0.99998168090885953 1.00000000000000005E-004
1856.1323572399999 0.99998188876957239 1.00000000000000005E-004
1856.1404060499999 0.99998209311109154 1.00000000000000005E-004
1856.1484548900000 0.99998229401233829 1.00000000000000005E-004
1856.1565037700000 0.99998249155019669 1.00000000000000005E-004
1856.1645526800000 0.99998268579935856 1.00000000000000005E-004
1856.1726016299999 0.99998287683243692 1.00000000000000005E-004
1856.1806506099999 0.99998306472004761 1.00000000000000005E-004
1856.1886996300000 0.99998324953088158 1.00000000000000005E-004
1856.1967486799999 0.99998343133176626 1.00000000000000005E-004
1856.2047977699999 0.99998361018772286 1.00000000000000005E-004
1856.2128468900000 0.99998378616202854 1.00000000000000005E-004
1856.2208960500000 0.99998395931626749 1.00000000000000005E-004
1856.2289452400000 0.99998412971038764 1.00000000000000005E-004
1856.2369944699999 0.99998429740275263 1.00000000000000005E-004
1856.2450437299999 0.99998446245019157 1.00000000000000005E-004
1856.2530930299999 0.99998462490804729 1.00000000000000005E-004
1856.2611423599999 0.99998478483022002 1.00000000000000005E-004
1856.2691917300001 1.0000000000000000 1.00000000000000005E-004
1856.2772411300000 1.0000000000000000 1.00000000000000005E-004
1856.2852905699999 1.0000000000000000 1.00000000000000005E-004
1856.2933400400000 1.0000000000000000 1.00000000000000005E-004
1856.3013895500001 1.0000000000000000 1.00000000000000005E-004
1856.3094390900001 1.0000000000000000 1.00000000000000005E-004
1856.3174886600000 1.0000000000000000 1.00000000000000005E-004
1856.3255382699999 1.0000000000000000 1.00000000000000005E-004
1856.3335879199999 1.0000000000000000 1.00000000000000005E-004
1856.3416376000000 1.0000000000000000 1.00000000000000005E-004
1856.3496873199999 1.0000000000000000 1.00000000000000005E-004
1856.3577370700000 1.0000000000000000 1.00000000000000005E-004
1856.3657868499999 1.0000000000000000 1.00000000000000005E-004
1856.3738366699999 1.0000000000000000 1.00000000000000005E-004
1856.3818865300000 1.0000000000000000 1.00000000000000005E-004
1856.3899364199999 1.0000000000000000 1.00000000000000005E-004
1856.3979863500001 1.0000000000000000 1.00000000000000005E-004
1856.4060363100000 1.0000000000000000 1.00000000000000005E-004
1856.4140863000000 1.0000000000000000 1.00000000000000005E-004
1856.4221363300001 1.0000000000000000 1.00000000000000005E-004
