1861.0808997300001 1.0000000000000000 1.00000000000000005E-004
1861.0889700000000 1.0000000000000000 1.00000000000000005E-004
1861.0970402999999 1.0000000000000000 1.00000000000000005E-004
1861.1051106400000 1.0000000000000000 1.00000000000000005E-004
1861.1131810100001 1.0000000000000000 1.00000000000000005E-004
1861.1212514199999 1.0000000000000000 1.00000000000000005E-004
1861.1293218599999 1.0000000000000000 1.00000000000000005E-004
1861.1373923399999 1.0000000000000000 1.00000000000000005E-004
1861.1454628500001 1.0000000000000000 1.00000000000000005E-004
1861.1535334000000 1.0000000000000000 1.00000000000000005E-004
1861.1616039800001 1.0000000000000000 1.00000000000000005E-004
1861.1696745900001 1.0000000000000000 1.00000000000000005E-004
1861.1777452500000 1.0000000000000000 1.00000000000000005E-004
1861.1858159300000 1.0000000000000000 1.00000000000000005E-004
1861.1938866500000 1.0000000000000000 1.00000000000000005E-004
1861.2019574100000 1.0000000000000000 1.00000000000000005E-004
1861.2100281999999 1.0000000000000000 1.00000000000000005E-004
1861.2180990300001 1.0000000000000000 1.00000000000000005E-004
1861.2261698899999 1.0000000000000000 1.00000000000000005E-004
1861.2342407900001 1.0000000000000000 1.00000000000000005E-004
1861.2423117200001 0.99999249447518646 1.00000000000000005E-004
1861.2503826899999 0.99999241553090246 1.00000000000000005E-004
1861.2584536899999 0.99999233533469534 1.00000000000000005E-004
1861.2665247299999 0.99999225385994839 1.00000000000000005E-004
1861.2745958000000 0.99999217107933769 1.00000000000000005E-004
1861.2826669100000 0.99999208696481079 1.00000000000000005E-004
1861.2907380500001 0.99999200148758693 1.00000000000000005E-004
1861.2988092200001 0.99999191461802761 1.00000000000000005E-004
1861.3068804400000 0.99999182632568495 1.00000000000000005E-004
1861.3149516799999 0.99999173657935048 1.00000000000000005E-004
1861.3230229700000 0.99999164534693719 1.00000000000000005E-004
1861.3310942799999 0.99999155259548445 1.00000000000000005E-004
1861.3391656300000 0.99999145829103508 1.00000000000000005E-004
1861.3472370200000 0.99999136239867603 1.00000000000000005E-004
1861.3553084400000 0.99999126488259371 1.00000000000000005E-004
1861.3633798999999 0.99999116570592506 1.00000000000000005E-004
1861.3714513899999 0.99999106483074762 1.00000000000000005E-004
1861.3795229200000 0.99999096221804795 1.00000000000000005E-004
1861.3875944800000 0.99999085782768593 1.00000000000000005E-004
1861.3956660800000 0.99999075161835627 1.00000000000000005E-004
1861.4037377100001 0.99999064354754696 1.00000000000000005E-004
1861.4118093800000 0.99999053357150636 1.00000000000000005E-004
1861.4198810800001 0.99999042164522689 1.00000000000000005E-004
1861.4279528100001 0.99999030772226360 1.00000000000000005E-004
1861.4360245900000 0.99999019175478066 1.00000000000000005E-004
1861.4440963899999 0.99999007369360204 1.00000000000000005E-004
1861.4521682400000 0.99998995348803776 1.00000000000000005E-004
1861.4602401100001 0.99998983108588135 1.00000000000000005E-004
1861.4683120200000 0.99998970643321894 1.00000000000000005E-004
1861.4763839699999 0.99998957947447564 1.00000000000000005E-004
1861.4844559500000 0.99998945015245944 1.00000000000000005E-004
1861.4925279700001 0.99998931840815219 1.00000000000000005E-004
1861.5006000200001 0.99998918418067084 1.00000000000000005E-004
1861.5086721099999 0.99998904740720529 1.00000000000000005E-004
1861.5167442300001 0.99998890802294615 1.00000000000000005E-004
1861.5248163900001 0.99998876596101205 1.00000000000000005E-004
1861.5328885800000 0.99998862115236309 1.00000000000000005E-004
1861.5409608099999 0.99998847352571751 1.00000000000000005E-004
1861.5490330700000 0.99998832300746843 1.00000000000000005E-004
1861.5571053700000 0.99998816952160441 1.00000000000000005E-004
1861.5651777000000 0.99998801298964601 1.00000000000000005E-004
1861.5732500600000 0.99998785333036611 1.00000000000000005E-004
1861.5813224700000 0.99998769045981029 1.00000000000000005E-004
1861.5893948999999 0.99998752429132831 1.00000000000000005E-004
1861.5974673799999 0.99998735473529343 1.00000000000000005E-004
1861.6055398799999 0.99998718169904610 1.00000000000000005E-004
1861.6136124200000 0.99998700508658767 1.00000000000000005E-004
1861.6216850000001 0.99998682479858558 1.00000000000000005E-004
1861.6297576100001 0.99998664073239252 1.00000000000000005E-004
1861.6378302600001 0.99998645278169285 1.00000000000000005E-004
1861.6459029400000 0.99998626083638587 1.00000000000000005E-004
1861.6539756600000 0.99998606478243846 1.00000000000000005E-004
1861.6620484099999 0.99998586450172378 1.00000000000000005E-004
1861.6701212000000 0.99998565987183563 1.00000000000000005E-004
1861.6781940200001 0.99998545076590484 1.00000000000000005E-004
1861.6862668799999 0.99998523705240183 1.00000000000000005E-004
1861.6943397699999 0.99998501859492628 1.00000000000000005E-004
1861.7024127000000 0.99998479525198813 1.00000000000000005E-004
1861.7104856599999 0.99998456687678672 1.00000000000000005E-004
1861.7185586600001 0.99998433331698522 1.00000000000000005E-004
1861.7266316900000 0.99998409441451053 1.00000000000000005E-004
1861.7347047500000 0.99998385000500922 1.00000000000000005E-004
1861.7427778599999 0.99998359991775920 1.00000000000000005E-004
1861.7508509899999 0.99998334397558253 1.00000000000000005E-004
1861.7589241700000 0.99998308199424912 1.00000000000000005E-004
1861.7669973699999 0.99998281378220366 1.00000000000000005E-004
1861.7750706200000 0.99998253914025559 1.00000000000000005E-004
1861.7831438900000 0.99998225786127781 1.00000000000000005E-004
1861.7912171999999 0.99998196972948772 1.00000000000000005E-004
1861.7992905500000 0.99998167452026288 1.00000000000000005E-004
1861.8073639300001 0.99998137199995096 1.00000000000000005E-004
1861.8154373499999 0.99998106192508185 1.00000000000000005E-004
1861.8235107999999 0.99998074404192971 1.00000000000000005E-004
1861.8315842899999 0.99998041808602056 1.00000000000000005E-004
1861.8396578100001 0.99998008378158820 1.00000000000000005E-004
1861.8477313700000 0.99997974084098507 1.00000000000000005E-004
1861.8558049599999 0.99997938896406746 1.00000000000000005E-004
1861.8638785900000 0.99997902783753012 1.00000000000000005E-004
1861.8719522500000 0.99997865713421275 1.00000000000000005E-004
1861.8800259499999 0.99997827651235593 1.00000000000000005E-004
1861.8880996800001 0.99997788561481016 1.00000000000000005E-004
1861.8961734500001 0.99997748406820175 1.00000000000000005E-004
1861.9042472500000 0.99997707148203441 1.00000000000000005E-004
1861.9123210900000 0.99997664744774106 1.00000000000000005E-004
1861.9203949600001 0.99997621153766691 1.00000000000000005E-004
1861.9284688700000 0.99997576330399518 1.00000000000000005E-004
1861.9365428100000 0.99997530227758846 1.00000000000000005E-004
1861.9446167900001 0.99997482796676185 1.00000000000000005E-004
1861.9526908000000 0.99997433985596973 1.00000000000000005E-004
1861.9607648500000 0.99997383740439960 1.00000000000000005E-004
1861.9688389299999 0.99997332004447226 1.00000000000000005E-004
1861.9769130499999 0.99997278718023697 1.00000000000000005E-004
1861.9849872000000 0.99997223818564696 1.00000000000000005E-004
1861.9930613900001 0.99997167240272133 1.00000000000000005E-004
1862.0011356099999 0.99997108913956578 1.00000000000000005E-004
1862.0092098699999 0.99997048766825325 1.00000000000000005E-004
1862.0172841599999 0.99996986722254633 1.00000000000000005E-004
1862.0253584899999 0.99996922699545321 1.00000000000000005E-004
1862.0334328500001 0.99996856613659446 1.00000000000000005E-004
1862.0415072500000 0.99996788374937284 1.00000000000000005E-004
1862.0495816800001 0.99996717888792264 1.00000000000000005E-004
1862.0576561500000 0.99996645055382738 1.00000000000000005E-004
1862.0657306500000 0.99996569769256782 1.00000000000000005E-004
1862.0738051900000 0.99996491918969999 1.00000000000000005E-004
1862.0818797600000 0.99996411386671469 1.00000000000000005E-004
1862.0899543700000 0.99996328047656846 1.00000000000000005E-004
1862.0980290099999 0.99996241769883554 1.00000000000000005E-004
1862.1061036900001 0.99996152413446593 1.00000000000000005E-004
1862.1141783999999 0.99996059830009298 1.00000000000000005E-004
1862.1222531500000 0.99995963862185844 1.00000000000000005E-004
1862.1303279300000 0.99995864342869967 1.00000000000000005E-004
1862.1384027500001 0.99995761094505131 1.00000000000000005E-004
1862.1464776000000 0.99995653928289807 1.00000000000000005E-004
1862.1545524900000 0.99995542643310809 1.00000000000000005E-004
1862.1626274099999 0.99995427025598616 1.00000000000000005E-004
1862.1707023700001 0.99995306847094756 1.00000000000000005E-004
1862.1787773599999 0.99995181864522464 1.00000000000000005E-004
1862.1868523900000 0.99995051818151059 1.00000000000000005E-004
1862.1949274500000 0.99994916430440306 1.00000000000000005E-004
1862.2030025500001 0.99994775404553837 1.00000000000000005E-004
1862.2110776800000 0.99994628422724852 1.00000000000000005E-004
1862.2191528500000 0.99994475144457695 1.00000000000000005E-004
1862.2272280499999 0.99994315204547135 1.00000000000000005E-004
1862.2353032900000 0.99994148210892242 1.00000000000000005E-004
1862.2433785600001 0.99993973742081765 1.00000000000000005E-004
1862.2514538700000 0.99993791344721505 1.00000000000000005E-004
1862.2595292100000 0.99993600530474047 1.00000000000000005E-004
1862.2676045900000 0.99993400772773000 1.00000000000000005E-004
1862.2756800000000 0.99993191503172629 1.00000000000000005E-004
1862.2837554499999 0.99992972107273659 1.00000000000000005E-004
1862.2918309300001 0.99992741920167783 1.00000000000000005E-004
1862.2999064500000 0.99992500221314906 1.00000000000000005E-004
1862.3079820099999 0.99992246229150439 1.00000000000000005E-004
1862.3160575899999 0.99991979094538730 1.00000000000000005E-004
1862.3241332200000 0.99991697893389964 1.00000000000000005E-004
1862.3322088699999 0.99991401618876197 1.00000000000000005E-004
1862.3402845700000 0.99991089172233705 1.00000000000000005E-004
1862.3483603000000 0.99990759352842640 1.00000000000000005E-004
1862.3564360600001 0.99990410846351208 1.00000000000000005E-004
1862.3645118600000 0.99990042211176577 1.00000000000000005E-004
1862.3725876900000 0.99989651863847273 1.00000000000000005E-004
1862.3806635599999 0.99989238061787700 1.00000000000000005E-004
1862.3887394599999 0.99988798883666830 1.00000000000000005E-004
1862.3968153999999 0.99988332206876318 1.00000000000000005E-004
1862.4048913700001 0.99987835681636772 1.00000000000000005E-004
1862.4129673800001 0.99987306701099887 1.00000000000000005E-004
1862.4210434199999 0.99986742366718628 1.00000000000000005E-004
1862.4291195000001 0.99986139447960098 1.00000000000000005E-004
1862.4371956200000 0.99985494336212699 1.00000000000000005E-004
1862.4452717600000 0.99984802989601929 1.00000000000000005E-004
1862.4533479500001 0.99984060868089475 1.00000000000000005E-004
1862.4614241700001 0.99983262859525512 1.00000000000000005E-004
1862.4695004200000 0.99982403189669888 1.00000000000000005E-004
1862.4775767100000 0.99981475315371504 1.00000000000000005E-004
1862.4856530300001 0.99980471798976989 1.00000000000000005E-004
1862.4937293900000 0.99979384156660445 1.00000000000000005E-004
1862.5018057800000 0.99978202675907146 1.00000000000000005E-004
1862.5098822099999 0.99976916194574528 1.00000000000000005E-004
1862.5179586700001 0.99975511831861297 1.00000000000000005E-004
1862.5260351699999 0.99973974658588249 1.00000000000000005E-004
1862.5341117099999 0.99972287292933715 1.00000000000000005E-004
1862.5421882799999 0.99970429398138205 1.00000000000000005E-004
1862.5502648800000 0.99968377051136337 1.00000000000000005E-004
1862.5583415200001 0.99966101951372188 1.00000000000000005E-004
1862.5664181899999 0.99963570418146763 1.00000000000000005E-004
1862.5744949000000 0.99960742103733435 1.00000000000000005E-004
1862.5825716400000 0.99957568329634583 1.00000000000000005E-004
1862.5906484200000 0.99953989912410823 1.00000000000000005E-004
1862.5987252400000 0.99949934295583109 1.00000000000000005E-004
1862.6068020800001 0.99945311703224560 1.00000000000000005E-004
1862.6148789700001 0.99940009919784067 1.00000000000000005E-004
1862.6229558900000 0.99933887116792297 1.00000000000000005E-004
1862.6310328400000 0.99926761781903606 1.00000000000000005E-004
1862.6391098300001 0.99918398330249036 1.00000000000000005E-004
1862.6471868500000 0.99908486108414674 1.00000000000000005E-004
1862.6552639100000 0.99896607938082671 1.00000000000000005E-004
1862.6633410100001 0.99882191606202919 1.00000000000000005E-004
1862.6714181400000 0.99864432303306827 1.00000000000000005E-004
1862.6794953000001 0.99842162518611521 1.00000000000000005E-004
1862.6875725000000 0.99813609432027417 1.00000000000000005E-004
1862.6956497300000 0.99775705029169015 1.00000000000000005E-004
1862.7037270000001 0.99719759633811877 1.00000000000000005E-004
1862.7118043099999 0.99597396773483238 1.00000000000000005E-004
1862.7198816400000 0.99119083610784608 1.00000000000000005E-004
1862.7279590200001 0.97031558832901321 1.00000000000000005E-004
1862.7360364300000 0.90002947412879630 1.00000000000000005E-004
1862.7441138700001 0.73735070779008360 1.00000000000000005E-004
1862.7521913500000 0.48825106626324072 1.00000000000000005E-004
1862.7602688699999 0.24064079691138990 1.00000000000000005E-004
1862.7683464100000 8.28743396527458487E-002 1.00000000000000005E-004
1862.7764239999999 1.90835746835847087E-002 1.00000000000000005E-004
1862.7845016199999 2.92996496865065422E-003 1.00000000000000005E-004
1862.7925792700000 1.34637449867151490E-003 1.00000000000000005E-004
1862.8006569600000 8.91430314890834068E-003 1.00000000000000005E-004
1862.8087346899999 4.69095881670970535E-002 1.00000000000000005E-004
1862.8168124500000 0.16197303487212833 1.00000000000000005E-004
1862.8248902400001 0.38077236320878716 1.00000000000000005E-004
1862.8329680700001 0.64459378053574157 1.00000000000000005E-004
1862.8410459300001 0.84862375450278371 1.00000000000000005E-004
1862.8491238300001 0.95145907033015897 1.00000000000000005E-004
1862.8572017700001 0.98623338627635160 1.00000000000000005E-004
1862.8652797400000 0.99476221506942020 1.00000000000000005E-004
1862.8733577400001 0.99673953436358365 1.00000000000000005E-004
1862.8814357799999 0.99747373014482543 1.00000000000000005E-004
1862.8895138600001 0.99792862096648238 1.00000000000000005E-004
1862.8975919699999 0.99826231663313081 1.00000000000000005E-004
1862.9056701100001 0.99851882914714241 1.00000000000000005E-004
1862.9137482900001 0.99872109164235634 1.00000000000000005E-004
1862.9218265100001 0.99888374026686710 1.00000000000000005E-004
1862.9299047600000 0.99901667845777997 1.00000000000000005E-004
1862.9379830400001 0.99912684320938938 1.00000000000000005E-004
1862.9460613599999 0.99921922845912092 1.00000000000000005E-004
1862.9541397200001 0.99929751245602738 1.00000000000000005E-004
1862.9622181100001 0.99936445794126605 1.00000000000000005E-004
1862.9702965300000 0.99942217568266867 1.00000000000000005E-004
1862.9783749900000 0.99947230257569908 1.00000000000000005E-004
1862.9864534900000 0.99951612485147268 1.00000000000000005E-004
1862.9945320200000 0.99955466522939418 1.00000000000000005E-004
1863.0026105800000 0.99958874568544365 1.00000000000000005E-004
1863.0106891800001 0.99961903326740109 1.00000000000000005E-004
1863.0187678200000 0.99964607402870298 1.00000000000000005E-004
1863.0268464900000 0.99967031859234723 1.00000000000000005E-004
1863.0349251900000 0.99969214163590625 1.00000000000000005E-004
1863.0430039299999 0.99971185682664876 1.00000000000000005E-004
1863.0510827099999 0.99972972838835505 1.00000000000000005E-004
1863.0591615200001 0.99974598020810790 1.00000000000000005E-004
1863.0672403599999 0.99976080306488846 1.00000000000000005E-004
1863.0753192400000 0.99977436035876122 1.00000000000000005E-004
1863.0833981599999 0.99978679268818393 1.00000000000000005E-004
1863.0914771099999 0.99979822157823617 1.00000000000000005E-004
1863.0995560900001 0.99980875253540102 1.00000000000000005E-004
1863.1076351199999 0.99981847751282804 1.00000000000000005E-004
1863.1157141700000 0.99982747694260121 1.00000000000000005E-004
1863.1237932600000 0.99983582144912075 1.00000000000000005E-004
1863.1318723899999 0.99984357324534012 1.00000000000000005E-004
1863.1399515500000 0.99985078730105359 1.00000000000000005E-004
1863.1480307400000 0.99985751234797116 1.00000000000000005E-004
1863.1561099700000 0.99986379171307216 1.00000000000000005E-004
1863.1641892400000 0.99986966401365296 1.00000000000000005E-004
1863.1722685400000 0.99987516376121377 1.00000000000000005E-004
1863.1803478800000 0.99988032187989040 1.00000000000000005E-004
1863.1884272499999 0.99988516614292233 1.00000000000000005E-004
1863.1965066499999 0.99988972155456368 1.00000000000000005E-004
1863.2045860900000 0.99989401067674111 1.00000000000000005E-004
1863.2126655699999 0.99989805390362529 1.00000000000000005E-004
1863.2207450799999 0.99990186970831507 1.00000000000000005E-004
1863.2288246300000 0.99990547485949288 1.00000000000000005E-004
1863.2369042099999 0.99990888460533855 1.00000000000000005E-004
1863.2449838200000 0.99991211283944892 1.00000000000000005E-004
1863.2530634800000 0.99991517224013193 1.00000000000000005E-004
1863.2611431600001 0.99991807439287006 1.00000000000000005E-004
1863.2692228799999 0.99992082990791320 1.00000000000000005E-004
1863.2773026400000 0.99992344851464066 1.00000000000000005E-004
1863.2853824300000 0.99992593914557015 1.00000000000000005E-004
1863.2934622600001 0.99992831001600735 1.00000000000000005E-004
1863.3015421200000 0.99993056869123531 1.00000000000000005E-004
1863.3096220100001 0.99993272214954410 1.00000000000000005E-004
1863.3177019499999 0.99993477683421550 1.00000000000000005E-004
1863.3257819099999 0.99993673869995880 1.00000000000000005E-004
1863.3338619100000 0.99993861326104649 1.00000000000000005E-004
1863.3419419500001 0.99994040562803621 1.00000000000000005E-004
1863.3500220200001 0.99994212054114862 1.00000000000000005E-004
1863.3581021299999 0.99994376240388927 1.00000000000000005E-004
1863.3661822700001 0.99994533531106455 1.00000000000000005E-004
1863.3742624500001 0.99994684307432069 1.00000000000000005E-004
1863.3823426599999 0.99994828924525048 1.00000000000000005E-004
1863.3904229100001 0.99994967713632665 1.00000000000000005E-004
1863.3985031899999 0.99995100983970275 1.00000000000000005E-004
1863.4065834999999 0.99995229024603627 1.00000000000000005E-004
1863.4146638600000 0.99995352105905433 1.00000000000000005E-004
1863.4227442399999 0.99995470480883997 1.00000000000000005E-004
1863.4308246700000 0.99995584386627823 1.00000000000000005E-004
1863.4389051200001 0.99995694045447980 1.00000000000000005E-004
1863.4469856100000 0.99995799666081453 1.00000000000000005E-004
1863.4550661400001 0.99995901444587298 1.00000000000000005E-004
1863.4631466999999 0.99995999565177518 1.00000000000000005E-004
1863.4712273000000 0.99996094201175290 1.00000000000000005E-004
1863.4793079300000 0.99996185515760705 1.00000000000000005E-004
1863.4873886000000 0.99996273662667501 1.00000000000000005E-004
1863.4954693000000 0.99996358786830009 1.00000000000000005E-004
1863.5035500399999 0.99996441024981564 1.00000000000000005E-004
1863.5116308100000 0.99996520506205788 1.00000000000000005E-004
1863.5197116200000 0.99996597352445105 1.00000000000000005E-004
1863.5277924600000 0.99996671678969440 1.00000000000000005E-004
1863.5358733400001 0.99996743594810544 1.00000000000000005E-004
1863.5439542500001 0.99996813203162238 1.00000000000000005E-004
1863.5520352000001 0.99996880601752192 1.00000000000000005E-004
1863.5601161800000 0.99996945883185928 1.00000000000000005E-004
1863.5681972000000 0.99997009135265469 1.00000000000000005E-004
1863.5762782500001 0.99997070441285774 1.00000000000000005E-004
1863.5843593400000 0.99997129880309110 1.00000000000000005E-004
1863.5924404600000 0.99997187527420306 1.00000000000000005E-004
1863.6005216200001 0.99997243453966178 1.00000000000000005E-004
1863.6086028100001 0.99997297727780821 1.00000000000000005E-004
1863.6166840400001 0.99997350413402442 1.00000000000000005E-004
1863.6247653099999 0.99997401572205258 1.00000000000000005E-004
1863.6328466000000 0.99997451262624848 1.00000000000000005E-004
1863.6409279400000 0.99997499540367651 1.00000000000000005E-004
1863.6490093000000 0.99997546458512321 1.00000000000000005E-004
1863.6570907099999 0.99997592067676233 1.00000000000000005E-004
1863.6651721500000 0.99997636416104430 1.00000000000000005E-004
1863.6732536200000 0.99997679549838780 1.00000000000000005E-004
1863.6813351300000 0.99997721512873283 1.00000000000000005E-004
1863.6894166699999 0.99997762347214736 1.00000000000000005E-004
1863.6974982500001 0.99997802092998078 1.00000000000000005E-004
1863.7055798599999 0.99997840788587911 1.00000000000000005E-004
1863.7136615100001 0.99997878470673252 1.00000000000000005E-004
1863.7217431900001 0.99997915174358565 1.00000000000000005E-004
1863.7298249099999 0.99997950933254820 1.00000000000000005E-004
1863.7379066700000 0.99997985779523146 1.00000000000000005E-004
1863.7459884600000 0.99998019743938860 1.00000000000000005E-004
1863.7540702800000 0.99998052856017916 1.00000000000000005E-004
1863.7621521399999 0.99998085144068583 1.00000000000000005E-004
1863.7702340300000 0.99998116635220091 1.00000000000000005E-004
1863.7783159600001 0.99998147355490385 1.00000000000000005E-004
1863.7863979199999 0.99998177329847138 1.00000000000000005E-004
1863.7944799200000 0.99998206582266858 1.00000000000000005E-004
1863.8025619600000 0.99998235135755431 1.00000000000000005E-004
1863.8106440300000 0.99998263012385624 1.00000000000000005E-004
1863.8187261300000 0.99998290233387577 1.00000000000000005E-004
1863.8268082699999 0.99998316819179822 1.00000000000000005E-004
1863.8348904400000 0.99998342789384165 1.00000000000000005E-004
1863.8429726500001 0.99998368162877604 1.00000000000000005E-004
1863.8510549000000 0.99998392957805782 1.00000000000000005E-004
1863.8591371800001 0.99998417191609512 1.00000000000000005E-004
1863.8672194900000 0.99998440881096584 1.00000000000000005E-004
1863.8753018400000 0.99998464042462565 1.00000000000000005E-004
1863.8833842199999 0.99998486691298405 1.00000000000000005E-004
1863.8914666400001 0.99998508842629896 1.00000000000000005E-004
1863.8995491000001 0.99998530510923977 1.00000000000000005E-004
1863.9076315899999 0.99998551710108263 1.00000000000000005E-004
1863.9157141100000 0.99998572453631385 1.00000000000000005E-004
1863.9237966700000 0.99998592754482241 1.00000000000000005E-004
1863.9318792700001 0.99998612625171279 1.00000000000000005E-004
1863.9399619000001 0.99998632077751493 1.00000000000000005E-004
1863.9480445600000 0.99998651123874494 1.00000000000000005E-004
1863.9561272599999 0.99998669774806326 1.00000000000000005E-004
1863.9642100000001 0.99998688041408246 1.00000000000000005E-004
1863.9722927700000 0.99998705934153809 1.00000000000000005E-004
1863.9803755700000 0.99998723463178507 1.00000000000000005E-004
1863.9884584100000 0.99998740638293104 1.00000000000000005E-004
1863.9965412900001 0.99998757468963728 1.00000000000000005E-004
1864.0046242000001 0.99998773964326415 1.00000000000000005E-004
1864.0127071400000 0.99998790133231463 1.00000000000000005E-004
1864.0207901199999 0.99998805984253958 1.00000000000000005E-004
1864.0288731400001 0.99998821525674808 1.00000000000000005E-004
1864.0369561900000 0.99998836765492305 1.00000000000000005E-004
1864.0450392700000 0.99998851711462033 1.00000000000000005E-004
1864.0531223900000 0.99998866371105677 1.00000000000000005E-004
1864.0612055500001 0.99998880751692354 1.00000000000000005E-004
1864.0692887400000 0.99998894860250009 1.00000000000000005E-004
1864.0773719599999 0.99998908703603318 1.00000000000000005E-004
1864.0854552300000 0.99998922288364833 1.00000000000000005E-004
1864.0935385200000 0.99998935620926932 1.00000000000000005E-004
1864.1016218499999 0.99998948707500301 1.00000000000000005E-004
1864.1097052200000 0.99998961554105537 1.00000000000000005E-004
1864.1177886200001 0.99998974166566090 1.00000000000000005E-004
1864.1258720500000 0.99998986550543478 1.00000000000000005E-004
1864.1339555300001 0.99998998711529152 1.00000000000000005E-004
1864.1420390300000 0.99999010654837051 1.00000000000000005E-004
1864.1501225699999 0.99999022385636926 1.00000000000000005E-004
1864.1582061500001 0.99999033908947221 1.00000000000000005E-004
1864.1662897599999 0.99999045229629580 1.00000000000000005E-004
1864.1743734100000 0.99999056352406235 1.00000000000000005E-004
1864.1824570900001 0.99999067281860465 1.00000000000000005E-004
1864.1905408000000 0.99999078022452603 1.00000000000000005E-004
1864.1986245600001 0.99999088578514028 1.00000000000000005E-004
1864.2067083400000 0.99999098954240540 1.00000000000000005E-004
1864.2147921599999 0.99999109153721055 1.00000000000000005E-004
1864.2228760200001 0.99999119180930240 1.00000000000000005E-004
1864.2309599099999 0.99999129039723111 1.00000000000000005E-004
1864.2390438400000 0.99999138733850268 1.00000000000000005E-004
1864.2471278000000 0.99999148266959392 1.00000000000000005E-004
1864.2552118000001 0.99999157642597847 1.00000000000000005E-004
1864.2632958300001 0.99999166864215849 1.00000000000000005E-004
1864.2713799000001 0.99999175935168372 1.00000000000000005E-004
1864.2794640000000 0.99999184858717072 1.00000000000000005E-004
1864.2875481300000 0.99999193638043016 1.00000000000000005E-004
1864.2956323100000 0.99999202276241872 1.00000000000000005E-004
1864.3037165100000 0.99999210776319813 1.00000000000000005E-004
1864.3118007600001 0.99999219141205853 1.00000000000000005E-004
1864.3198850300000 0.99999227373752353 1.00000000000000005E-004
1864.3279693500001 0.99999235476736448 1.00000000000000005E-004
1864.3360536900000 0.99999243452860076 1.00000000000000005E-004
1864.3441380700001 1.0000000000000000 1.00000000000000005E-004
1864.3522224900000 1.0000000000000000 1.00000000000000005E-004
1864.3603069400001 1.0000000000000000 1.00000000000000005E-004
1864.3683914300000 1.0000000000000000 1.00000000000000005E-004
1864.3764759500000 1.0000000000000000 1.00000000000000005E-004
1864.3845605100000 1.0000000000000000 1.00000000000000005E-004
1864.3926451100001 1.0000000000000000 1.00000000000000005E-004
1864.4007297300000 1.0000000000000000 1.00000000000000005E-004
1864.4088144000000 1.0000000000000000 1.00000000000000005E-004
1864.4168990900000 1.0000000000000000 1.00000000000000005E-004
1864.4249838300000 1.0000000000000000 1.00000000000000005E-004
1864.4330685899999 1.0000000000000000 1.00000000000000005E-004
1864.4411534000001 1.0000000000000000 1.00000000000000005E-004
1864.4492382400001 1.0000000000000000 1.00000000000000005E-004
1864.4573231100001 1.0000000000000000 1.00000000000000005E-004
1864.4654080200000 1.0000000000000000 1.00000000000000005E-004
1864.4734929599999 1.0000000000000000 1.00000000000000005E-004
1864.4815779400001 1.0000000000000000 1.00000000000000005E-004
1864.4896629499999 1.0000000000000000 1.00000000000000005E-004
1864.4977480000000 1.0000000000000000 1.00000000000000005E-004
