2064.2643291700001 1.0000000000000000 1.00000000000000005E-004
2064.2732805099999 1.0000000000000000 1.00000000000000005E-004
2064.2822318899998 1.0000000000000000 1.00000000000000005E-004
2064.2911832999998 1.0000000000000000 1.00000000000000005E-004
2064.3001347600002 1.0000000000000000 1.00000000000000005E-004
2064.3090862499998 1.0000000000000000 1.00000000000000005E-004
2064.3180377799999 1.0000000000000000 1.00000000000000005E-004
2064.3269893500001 1.0000000000000000 1.00000000000000005E-004
2064.3359409599998 1.0000000000000000 1.00000000000000005E-004
2064.3448926100000 1.0000000000000000 1.00000000000000005E-004
2064.3538443000002 1.0000000000000000 1.00000000000000005E-004
2064.3627960200001 1.0000000000000000 1.00000000000000005E-004
2064.3717477900000 1.0000000000000000 1.00000000000000005E-004
2064.3806995899999 1.0000000000000000 1.00000000000000005E-004
2064.3896514399999 1.0000000000000000 1.00000000000000005E-004
2064.3986033199999 1.0000000000000000 1.00000000000000005E-004
2064.4075552400000 1.0000000000000000 1.00000000000000005E-004
2064.4165072000001 1.0000000000000000 1.00000000000000005E-004
2064.4254591899999 1.0000000000000000 1.00000000000000005E-004
2064.4344112300000 1.0000000000000000 1.00000000000000005E-004
2064.4433633100002 1.0000000000000000 1.00000000000000005E-004
2064.4523154200001 1.0000000000000000 1.00000000000000005E-004
2064.4612675700000 1.0000000000000000 1.00000000000000005E-004
2064.4702197699999 1.0000000000000000 1.00000000000000005E-004
2064.4791719999998 1.0000000000000000 1.00000000000000005E-004
2064.4881242699998 1.0000000000000000 1.00000000000000005E-004
2064.4970765799999 1.0000000000000000 1.00000000000000005E-004
2064.5060289200001 1.0000000000000000 1.00000000000000005E-004
2064.5149813100002 1.0000000000000000 1.00000000000000005E-004
2064.5239337300000 1.0000000000000000 1.00000000000000005E-004
2064.5328862000001 1.0000000000000000 1.00000000000000005E-004
2064.5418387000000 1.0000000000000000 1.00000000000000005E-004
2064.5507912399999 1.0000000000000000 1.00000000000000005E-004
2064.5597438200002 1.0000000000000000 1.00000000000000005E-004
2064.5686964400002 1.0000000000000000 1.00000000000000005E-004
2064.5776491000001 1.0000000000000000 1.00000000000000005E-004
2064.5866018000002 1.0000000000000000 1.00000000000000005E-004
2064.5955545299998 1.0000000000000000 1.00000000000000005E-004
2064.6045073099999 1.0000000000000000 1.00000000000000005E-004
2064.6134601200001 1.0000000000000000 1.00000000000000005E-004
2064.6224129699999 1.0000000000000000 1.00000000000000005E-004
2064.6313658600002 1.0000000000000000 1.00000000000000005E-004
2064.6403187900000 0.99999999999998712 1.00000000000000005E-004
2064.6492717599999 0.99999999999922062 1.00000000000000005E-004
2064.6582247699998 0.99999999997453959 1.00000000000000005E-004
2064.6671778099999 0.99999999951702101 1.00000000000000005E-004
2064.6761308999999 0.99999999461235900 1.00000000000000005E-004
2064.6850840200000 0.99999996406197100 1.00000000000000005E-004
2064.6940371800001 0.99999985299526994 1.00000000000000005E-004
2064.7029903900002 0.99999961631870027 1.00000000000000005E-004
2064.7119436300000 0.99999931925254326 1.00000000000000005E-004
2064.7208968999998 0.99999909736194870 1.00000000000000005E-004
2064.7298502200001 0.99999899473404674 1.00000000000000005E-004
2064.7388035800000 0.99999895920405446 1.00000000000000005E-004
2064.7477569700000 0.99999894265518208 1.00000000000000005E-004
2064.7567104099999 0.99999892885878916 1.00000000000000005E-004
2064.7656638799999 0.99999891506598504 1.00000000000000005E-004
2064.7746173900000 0.99999890101881028 1.00000000000000005E-004
2064.7835709400001 0.99999888669745474 1.00000000000000005E-004
2064.7925245299998 0.99999887209434413 1.00000000000000005E-004
2064.8014781600000 0.99999885720203063 1.00000000000000005E-004
2064.8104318300002 0.99999884201282863 1.00000000000000005E-004
2064.8193855400000 0.99999882651880012 1.00000000000000005E-004
2064.8283392799999 0.99999881071173746 1.00000000000000005E-004
2064.8372930599999 0.99999879458313634 1.00000000000000005E-004
2064.8462468900002 0.99999877812420968 1.00000000000000005E-004
2064.8552007500002 0.99999876132588661 1.00000000000000005E-004
2064.8641546499998 0.99999874417877088 1.00000000000000005E-004
2064.8731085899999 0.99999872667313094 1.00000000000000005E-004
2064.8820625700000 0.99999870879890773 1.00000000000000005E-004
2064.8910165799998 0.99999869054567969 1.00000000000000005E-004
2064.8999706400000 0.99999867190264558 1.00000000000000005E-004
2064.9089247299999 0.99999865285862388 1.00000000000000005E-004
2064.9178788700001 0.99999863340203143 1.00000000000000005E-004
2064.9268330400000 0.99999861352087183 1.00000000000000005E-004
2064.9357872500000 0.99999859320269879 1.00000000000000005E-004
2064.9447415000000 0.99999857243460066 1.00000000000000005E-004
2064.9536957900000 0.99999855120320091 1.00000000000000005E-004
2064.9626501100001 0.99999852949461132 1.00000000000000005E-004
2064.9716044800002 0.99999850729440520 1.00000000000000005E-004
2064.9805588899999 0.99999848458763119 1.00000000000000005E-004
2064.9895133300001 0.99999846135877701 1.00000000000000005E-004
2064.9984678100000 0.99999843759170370 1.00000000000000005E-004
2065.0074223299998 0.99999841326963934 1.00000000000000005E-004
2065.0163768900002 0.99999838837516364 1.00000000000000005E-004
2065.0253314900001 0.99999836289017030 1.00000000000000005E-004
2065.0342861300001 0.99999833679583294 1.00000000000000005E-004
2065.0432408100000 0.99999831007257578 1.00000000000000005E-004
2065.0521955200002 0.99999828270001923 1.00000000000000005E-004
2065.0611502800002 0.99999825465694303 1.00000000000000005E-004
2065.0701050700000 0.99999822592127385 1.00000000000000005E-004
2065.0790599000002 0.99999819647001043 1.00000000000000005E-004
2065.0880147700000 0.99999816627917693 1.00000000000000005E-004
2065.0969696799998 0.99999813532379533 1.00000000000000005E-004
2065.1059246300001 0.99999810357782415 1.00000000000000005E-004
2065.1148796200000 0.99999807101410843 1.00000000000000005E-004
2065.1238346499999 0.99999803760432371 1.00000000000000005E-004
2065.1327897100000 0.99999800331889821 1.00000000000000005E-004
2065.1417448200000 0.99999796812694097 1.00000000000000005E-004
2065.1506999600001 0.99999793199621467 1.00000000000000005E-004
2065.1596551399998 0.99999789489302282 1.00000000000000005E-004
2065.1686103600000 0.99999785678212416 1.00000000000000005E-004
2065.1775656200002 0.99999781762668782 1.00000000000000005E-004
2065.1865209200000 0.99999777738819562 1.00000000000000005E-004
2065.1954762500000 0.99999773602631936 1.00000000000000005E-004
2065.2044316299998 0.99999769349880363 1.00000000000000005E-004
2065.2133870500002 0.99999764976143934 1.00000000000000005E-004
2065.2223425000002 0.99999760476792043 1.00000000000000005E-004
2065.2312979899998 0.99999755846964955 1.00000000000000005E-004
2065.2402535199999 0.99999751081564658 1.00000000000000005E-004
2065.2492090900000 0.99999746175243687 1.00000000000000005E-004
2065.2581647000002 0.99999741122389108 1.00000000000000005E-004
2065.2671203499999 0.99999735917107635 1.00000000000000005E-004
2065.2760760299998 0.99999730553203736 1.00000000000000005E-004
2065.2850317600000 0.99999725024161845 1.00000000000000005E-004
2065.2939875200000 0.99999719323129987 1.00000000000000005E-004
2065.3029433299998 0.99999713442897997 1.00000000000000005E-004
2065.3118991699998 0.99999707375875613 1.00000000000000005E-004
2065.3208550499999 0.99999701114063833 1.00000000000000005E-004
2065.3298109699999 0.99999694649028292 1.00000000000000005E-004
2065.3387669300000 0.99999687971877760 1.00000000000000005E-004
2065.3477229199998 0.99999681073226121 1.00000000000000005E-004
2065.3566789600000 0.99999673943157208 1.00000000000000005E-004
2065.3656350400001 0.99999666571201962 1.00000000000000005E-004
2065.3745911500000 0.99999658946295655 1.00000000000000005E-004
2065.3835472999999 0.99999651056724015 1.00000000000000005E-004
2065.3925034899999 0.99999642890085161 1.00000000000000005E-004
2065.4014597199998 0.99999634433245099 1.00000000000000005E-004
2065.4104159899998 0.99999625672282910 1.00000000000000005E-004
2065.4193722999998 0.99999616592432794 1.00000000000000005E-004
2065.4283286499999 0.99999607178024208 1.00000000000000005E-004
2065.4372850300001 0.99999597412407482 1.00000000000000005E-004
2065.4462414599998 0.99999587277880397 1.00000000000000005E-004
2065.4551979200000 0.99999576755617925 1.00000000000000005E-004
2065.4641544199999 0.99999565825574455 1.00000000000000005E-004
2065.4731109600002 0.99999554466386187 1.00000000000000005E-004
2065.4820675400001 0.99999542655274842 1.00000000000000005E-004
2065.4910241600001 0.99999530367931366 1.00000000000000005E-004
2065.4999808200000 0.99999517578393504 1.00000000000000005E-004
2065.5089375100001 0.99999504258898286 1.00000000000000005E-004
2065.5178942500002 0.99999490379729972 1.00000000000000005E-004
2065.5268510199999 0.99999475909064084 1.00000000000000005E-004
2065.5358078400000 0.99999460812782104 1.00000000000000005E-004
2065.5447646900002 0.99999445054272940 1.00000000000000005E-004
2065.5537215800000 0.99999428594198325 1.00000000000000005E-004
2065.5626785099998 0.99999411390247051 1.00000000000000005E-004
2065.5716354800002 0.99999393396879444 1.00000000000000005E-004
2065.5805924800002 0.99999374565007393 1.00000000000000005E-004
2065.5895495300001 0.99999354841655086 1.00000000000000005E-004
2065.5985066100002 0.99999334169598919 1.00000000000000005E-004
2065.6074637400002 0.99999312486946657 1.00000000000000005E-004
2065.6164208999999 0.99999289726605123 1.00000000000000005E-004
2065.6253781000000 0.99999265813559723 1.00000000000000005E-004
2065.6343353399998 0.99999240627678132 1.00000000000000005E-004
2065.6432926200000 0.99999213677816323 1.00000000000000005E-004
2065.6522499399998 0.99999182722055702 1.00000000000000005E-004
2065.6612072900002 0.99999142051751899 1.00000000000000005E-004
2065.6701646900001 0.99999086772791546 1.00000000000000005E-004
2065.6791221200001 0.99999022986810882 1.00000000000000005E-004
2065.6880796000000 0.99998964069446183 1.00000000000000005E-004
2065.6970371100001 0.99998914495573032 1.00000000000000005E-004
2065.7059946600002 0.99998869098886334 1.00000000000000005E-004
2065.7149522499999 0.99998822972141521 1.00000000000000005E-004
2065.7239098800001 0.99998774299406890 1.00000000000000005E-004
2065.7328675399999 0.99998722568958198 1.00000000000000005E-004
2065.7418252500001 0.99998667489154081 1.00000000000000005E-004
2065.7507829900001 0.99998608762442132 1.00000000000000005E-004
2065.7597407799999 0.99998546058964666 1.00000000000000005E-004
2065.7686985999999 0.99998479010651020 1.00000000000000005E-004
2065.7776564599999 0.99998407204034090 1.00000000000000005E-004
2065.7866143599999 0.99998330144651471 1.00000000000000005E-004
2065.7955723000000 0.99998246973443683 1.00000000000000005E-004
2065.8045302800001 0.99998155190325089 1.00000000000000005E-004
2065.8134882999998 0.99998048734854939 1.00000000000000005E-004
2065.8224463500001 0.99997921361470921 1.00000000000000005E-004
2065.8314044499998 0.99997776985791265 1.00000000000000005E-004
2065.8403625800001 0.99997628068727495 1.00000000000000005E-004
2065.8493207500001 0.99997479376908094 1.00000000000000005E-004
2065.8582789600000 0.99997325173838292 1.00000000000000005E-004
2065.8672372100000 0.99997158982591572 1.00000000000000005E-004
2065.8761955000000 0.99996977174516255 1.00000000000000005E-004
2065.8851538300000 0.99996777172955909 1.00000000000000005E-004
2065.8941122000001 0.99996555501811246 1.00000000000000005E-004
2065.9030705999999 0.99996305468518043 1.00000000000000005E-004
2065.9120290500000 0.99996016905856067 1.00000000000000005E-004
2065.9209875299998 0.99995684370607596 1.00000000000000005E-004
2065.9299460500001 0.99995313750699277 1.00000000000000005E-004
2065.9389046100000 0.99994909957933364 1.00000000000000005E-004
2065.9478632099999 0.99994464929303628 1.00000000000000005E-004
2065.9568218499999 0.99993963804810693 1.00000000000000005E-004
2065.9657805299998 0.99993391965069212 1.00000000000000005E-004
2065.9747392400000 0.99992734177574849 1.00000000000000005E-004
2065.9836980000000 0.99991971971328297 1.00000000000000005E-004
2065.9926567900002 0.99991081721456676 1.00000000000000005E-004
2066.0016156199999 0.99990032632541836 1.00000000000000005E-004
2066.0105744900002 0.99988783898489753 1.00000000000000005E-004
2066.0195334099999 0.99987280445500915 1.00000000000000005E-004
2066.0284923499999 0.99985446341447293 1.00000000000000005E-004
2066.0374513400002 0.99983174236050221 1.00000000000000005E-004
2066.0464103700001 0.99980307709296390 1.00000000000000005E-004
2066.0553694300002 0.99976609563690666 1.00000000000000005E-004
2066.0643285400001 0.99971688509097234 1.00000000000000005E-004
2066.0732876799998 0.99964632985905244 1.00000000000000005E-004
2066.0822468699998 0.99950752287290534 1.00000000000000005E-004
2066.0912060900000 0.99895171895137935 1.00000000000000005E-004
2066.1001653500002 0.99581157077735238 1.00000000000000005E-004
2066.1091246500000 0.98065436411807339 1.00000000000000005E-004
2066.1180839799999 0.92729590972956533 1.00000000000000005E-004
2066.1270433599998 0.79634836704724810 1.00000000000000005E-004
2066.1360027699998 0.57683548652800920 1.00000000000000005E-004
2066.1449622300001 0.32900861521281011 1.00000000000000005E-004
2066.1539217200002 0.14560912048630500 1.00000000000000005E-004
2066.1628812499998 7.46048278268730269E-002 1.00000000000000005E-004
2066.1718408199999 0.12097283770780587 1.00000000000000005E-004
2066.1808004300001 0.28271938149193315 1.00000000000000005E-004
2066.1897600799998 0.52416216656474379 1.00000000000000005E-004
2066.1987197700000 0.75694546682426178 1.00000000000000005E-004
2066.2076794999998 0.90757965120793760 1.00000000000000005E-004
2066.2166392600002 0.97394058105060777 1.00000000000000005E-004
2066.2255990700000 0.99420824535798547 1.00000000000000005E-004
2066.2345589100000 0.99866003480787602 1.00000000000000005E-004
2066.2435187900001 0.99945231257842693 1.00000000000000005E-004
2066.2524787100001 0.99962643676584695 1.00000000000000005E-004
2066.2614386700002 0.99970438805217521 1.00000000000000005E-004
2066.2703986699998 0.99975695657236163 1.00000000000000005E-004
2066.2793587000001 0.99979609926914648 1.00000000000000005E-004
2066.2883187799998 0.99982627551422842 1.00000000000000005E-004
2066.2972788900001 0.99985009230883726 1.00000000000000005E-004
2066.3062390499999 0.99986924980772163 1.00000000000000005E-004
2066.3151992399999 0.99988490640540773 1.00000000000000005E-004
2066.3241594699998 0.99989787673969099 1.00000000000000005E-004
2066.3331197399998 0.99990874878503078 1.00000000000000005E-004
2066.3420800499998 0.99991795635319258 1.00000000000000005E-004
2066.3510403999999 0.99992582564333532 1.00000000000000005E-004
2066.3600007900000 0.99993260603552447 1.00000000000000005E-004
2066.3689612100002 0.99993849107524757 1.00000000000000005E-004
2066.3779216799999 0.99994363400172448 1.00000000000000005E-004
2066.3868821800002 0.99994816456061497 1.00000000000000005E-004
2066.3958427200000 0.99995221379085109 1.00000000000000005E-004
2066.4048032999999 0.99995591619200963 1.00000000000000005E-004
2066.4137639199998 0.99995933145371552 1.00000000000000005E-004
2066.4227245799998 0.99996239400002196 1.00000000000000005E-004
2066.4316852799998 0.99996504649041740 1.00000000000000005E-004
2066.4406460099999 0.99996734765398432 1.00000000000000005E-004
2066.4496067900000 0.99996939437272614 1.00000000000000005E-004
2066.4585676000002 0.99997124806030191 1.00000000000000005E-004
2066.4675284599998 0.99997294917797663 1.00000000000000005E-004
2066.4764893500001 0.99997455492858167 1.00000000000000005E-004
2066.4854502799999 0.99997613762842574 1.00000000000000005E-004
2066.4944112500002 0.99997769758040989 1.00000000000000005E-004
2066.5033722600001 0.99997912214887141 1.00000000000000005E-004
2066.5123333000001 0.99998032807884851 1.00000000000000005E-004
2066.5212943900001 0.99998135291538837 1.00000000000000005E-004
2066.5302555200001 0.99998226802660461 1.00000000000000005E-004
2066.5392166800002 0.99998311070869472 1.00000000000000005E-004
2066.5481778799999 0.99998389384660813 1.00000000000000005E-004
2066.5571391200001 0.99998462359904461 1.00000000000000005E-004
2066.5661003999999 0.99998530476372594 1.00000000000000005E-004
2066.5750617200001 0.99998594156925524 1.00000000000000005E-004
2066.5840230800000 0.99998653779166768 1.00000000000000005E-004
2066.5929844799998 0.99998709681278131 1.00000000000000005E-004
2066.6019459099998 0.99998762167042876 1.00000000000000005E-004
2066.6109073900002 0.99998811513720831 1.00000000000000005E-004
2066.6198688999998 0.99998858031118087 1.00000000000000005E-004
2066.6288304599998 0.99998902497147657 1.00000000000000005E-004
2066.6377920499999 0.99998947694079332 1.00000000000000005E-004
2066.6467536800001 0.99998999431059776 1.00000000000000005E-004
2066.6557153499998 0.99999060487775715 1.00000000000000005E-004
2066.6646770500001 0.99999121880023867 1.00000000000000005E-004
2066.6736387999999 0.99999171065669501 1.00000000000000005E-004
2066.6826005900002 0.99999206704565990 1.00000000000000005E-004
2066.6915624100002 0.99999235114752483 1.00000000000000005E-004
2066.7005242700002 0.99999260726588757 1.00000000000000005E-004
2066.7094861800001 0.99999284888149209 1.00000000000000005E-004
2066.7184481200002 0.99999307868467746 1.00000000000000005E-004
2066.7274100999998 0.99999329756853317 1.00000000000000005E-004
2066.7363721199999 0.99999350622088978 1.00000000000000005E-004
2066.7453341700002 0.99999370527036358 1.00000000000000005E-004
2066.7542962699999 0.99999389529788918 1.00000000000000005E-004
2066.7632583999998 0.99999407684102859 1.00000000000000005E-004
2066.7722205800001 0.99999425039783674 1.00000000000000005E-004
2066.7811827900000 0.99999441643026787 1.00000000000000005E-004
2066.7901450400000 0.99999457536739411 1.00000000000000005E-004
2066.7991073300000 0.99999472760817198 1.00000000000000005E-004
2066.8080696600000 0.99999487352384231 1.00000000000000005E-004
2066.8170320300001 0.99999501346023933 1.00000000000000005E-004
2066.8259944400002 0.99999514773985709 1.00000000000000005E-004
2066.8349568899998 0.99999527666368315 1.00000000000000005E-004
2066.8439193700001 0.99999540051298541 1.00000000000000005E-004
2066.8528818999998 0.99999551955083743 1.00000000000000005E-004
2066.8618444600002 0.99999563402339176 1.00000000000000005E-004
2066.8708070600001 0.99999574416128345 1.00000000000000005E-004
2066.8797697000000 0.99999585018080372 1.00000000000000005E-004
2066.8887323800000 0.99999595228487737 1.00000000000000005E-004
2066.8976951000000 0.99999605066406327 1.00000000000000005E-004
2066.9066578600000 0.99999614549742688 1.00000000000000005E-004
2066.9156206500002 0.99999623695343665 1.00000000000000005E-004
2066.9245834899998 0.99999632519069592 1.00000000000000005E-004
2066.9335463600000 0.99999641035854236 1.00000000000000005E-004
2066.9425092699998 0.99999649259778345 1.00000000000000005E-004
2066.9514722200001 0.99999657204129055 1.00000000000000005E-004
2066.9604352199999 0.99999664881439321 1.00000000000000005E-004
2066.9693982399999 0.99999672303544995 1.00000000000000005E-004
2066.9783613099999 0.99999679481643688 1.00000000000000005E-004
2066.9873244199998 0.99999686426323220 1.00000000000000005E-004
2066.9962875699998 0.99999693147594304 1.00000000000000005E-004
2067.0052507500000 0.99999699654939456 1.00000000000000005E-004
2067.0142139700001 0.99999705957350760 1.00000000000000005E-004
2067.0231772400002 0.99999712063350432 1.00000000000000005E-004
2067.0321405400000 0.99999717981014802 1.00000000000000005E-004
2067.0411038799998 0.99999723718012556 1.00000000000000005E-004
2067.0500672600001 0.99999729281626881 1.00000000000000005E-004
2067.0590306700001 0.99999734678778296 1.00000000000000005E-004
2067.0679941300000 0.99999739916048280 1.00000000000000005E-004
2067.0769576299999 0.99999744999690210 1.00000000000000005E-004
2067.0859211600000 0.99999749935652915 1.00000000000000005E-004
2067.0948847300001 0.99999754729607215 1.00000000000000005E-004
2067.1038483500001 0.99999759386952991 1.00000000000000005E-004
2067.1128119999998 0.99999763912830231 1.00000000000000005E-004
2067.1217756900000 0.99999768312141990 1.00000000000000005E-004
2067.1307394199998 0.99999772589565383 1.00000000000000005E-004
2067.1397031800002 0.99999776749564129 1.00000000000000005E-004
2067.1486669900000 0.99999780796401838 1.00000000000000005E-004
2067.1576308399999 0.99999784734145369 1.00000000000000005E-004
2067.1665947199999 0.99999788566679471 1.00000000000000005E-004
2067.1755586400000 0.99999792297723011 1.00000000000000005E-004
2067.1845226099999 0.99999795930830870 1.00000000000000005E-004
2067.1934866100000 0.99999799469399386 1.00000000000000005E-004
2067.2024506500002 0.99999802916680869 1.00000000000000005E-004
2067.2114147299999 0.99999806275789471 1.00000000000000005E-004
2067.2203788400002 0.99999809549708096 1.00000000000000005E-004
2067.2293430000000 0.99999812741296656 1.00000000000000005E-004
2067.2383071999998 0.99999815853291985 1.00000000000000005E-004
2067.2472714300002 0.99999818888317094 1.00000000000000005E-004
2067.2562357000002 0.99999821848891490 1.00000000000000005E-004
2067.2652000100002 0.99999824737433585 1.00000000000000005E-004
2067.2741643700001 0.99999827556260790 1.00000000000000005E-004
2067.2831287499998 0.99999830307597048 1.00000000000000005E-004
2067.2920931799999 0.99999832993582460 1.00000000000000005E-004
2067.3010576500001 0.99999835616272148 1.00000000000000005E-004
2067.3100221599998 0.99999838177637956 1.00000000000000005E-004
2067.3189867000001 0.99999840679577290 1.00000000000000005E-004
2067.3279512899999 0.99999843123915677 1.00000000000000005E-004
2067.3369159099998 0.99999845512407470 1.00000000000000005E-004
2067.3458805700002 0.99999847846741508 1.00000000000000005E-004
2067.3548452700002 0.99999850128544032 1.00000000000000005E-004
2067.3638100100002 0.99999852359380170 1.00000000000000005E-004
2067.3727747900002 0.99999854540756705 1.00000000000000005E-004
2067.3817396099998 0.99999856674124499 1.00000000000000005E-004
2067.3907044600001 0.99999858760882365 1.00000000000000005E-004
2067.3996693600002 0.99999860802379348 1.00000000000000005E-004
2067.4086342900000 0.99999862799914641 1.00000000000000005E-004
2067.4175992599999 0.99999864754742651 1.00000000000000005E-004
2067.4265642800001 0.99999866668073101 1.00000000000000005E-004
2067.4355293300000 0.99999868541071091 1.00000000000000005E-004
2067.4444944200000 0.99999870374861632 1.00000000000000005E-004
2067.4534595400000 0.99999872170532467 1.00000000000000005E-004
2067.4624247100001 0.99999873929134642 1.00000000000000005E-004
2067.4713899200001 0.99999875651681114 1.00000000000000005E-004
2067.4803551599998 0.99999877339150278 1.00000000000000005E-004
2067.4893204499999 0.99999878992488800 1.00000000000000005E-004
2067.4982857700002 0.99999880612610570 1.00000000000000005E-004
2067.5072511300000 0.99999882200399748 1.00000000000000005E-004
2067.5162165299998 0.99999883756711661 1.00000000000000005E-004
2067.5251819700002 0.99999885282373246 1.00000000000000005E-004
2067.5341474500001 0.99999886778184188 1.00000000000000005E-004
2067.5431129700000 0.99999888244917645 1.00000000000000005E-004
2067.5520785200001 0.99999889683322818 1.00000000000000005E-004
2067.5610441200001 0.99999891094137905 1.00000000000000005E-004
2067.5700097499998 0.99999892478580421 1.00000000000000005E-004
2067.5789754200000 0.99999893849150612 1.00000000000000005E-004
2067.5879411300002 0.99999895358135482 1.00000000000000005E-004
2067.5969068800000 0.99999898071248194 1.00000000000000005E-004
2067.6058726699998 0.99999905855160731 1.00000000000000005E-004
2067.6148385000001 0.99999924653993622 1.00000000000000005E-004
2067.6238043700000 0.99999953526405749 1.00000000000000005E-004
2067.6327702700000 0.99999980067742744 1.00000000000000005E-004
2067.6417362200000 0.99999994465558872 1.00000000000000005E-004
2067.6507022000001 0.99999999049053789 1.00000000000000005E-004
2067.6596682300001 0.99999999901717906 1.00000000000000005E-004
2067.6686342900002 0.99999999994002764 1.00000000000000005E-004
2067.6776003900000 0.99999999999786771 1.00000000000000005E-004
2067.6865665300002 0.99999999999995703 1.00000000000000005E-004
2067.6955327000001 0.99999999999999989 1.00000000000000005E-004
2067.7044989199999 1.0000000000000000 1.00000000000000005E-004
2067.7134651800002 1.0000000000000000 1.00000000000000005E-004
2067.7224314700002 1.0000000000000000 1.00000000000000005E-004
2067.7313978000002 1.0000000000000000 1.00000000000000005E-004
2067.7403641800001 1.0000000000000000 1.00000000000000005E-004
2067.7493305900002 1.0000000000000000 1.00000000000000005E-004
2067.7582970399999 1.0000000000000000 1.00000000000000005E-004
2067.7672635300000 1.0000000000000000 1.00000000000000005E-004
2067.7762300600002 1.0000000000000000 1.00000000000000005E-004
2067.7851966200001 1.0000000000000000 1.00000000000000005E-004
2067.7941632299999 1.0000000000000000 1.00000000000000005E-004
2067.8031298699998 1.0000000000000000 1.00000000000000005E-004
2067.8120965600001 1.0000000000000000 1.00000000000000005E-004
2067.8210632800001 1.0000000000000000 1.00000000000000005E-004
2067.8300300400001 1.0000000000000000 1.00000000000000005E-004
2067.8389968400002 1.0000000000000000 1.00000000000000005E-004
2067.8479636799998 1.0000000000000000 1.00000000000000005E-004
2067.8569305599999 1.0000000000000000 1.00000000000000005E-004
2067.8658974700002 1.0000000000000000 1.00000000000000005E-004
2067.8748644299999 1.0000000000000000 1.00000000000000005E-004
2067.8838314200002 1.0000000000000000 1.00000000000000005E-004
2067.8927984600000 1.0000000000000000 1.00000000000000005E-004
2067.9017655299999 1.0000000000000000 1.00000000000000005E-004
2067.9107326399999 1.0000000000000000 1.00000000000000005E-004
2067.9196997899999 1.0000000000000000 1.00000000000000005E-004
2067.9286669799999 1.0000000000000000 1.00000000000000005E-004
2067.9376342099999 1.0000000000000000 1.00000000000000005E-004
2067.9466014700001 1.0000000000000000 1.00000000000000005E-004
2067.9555687799998 1.0000000000000000 1.00000000000000005E-004
2067.9645361200000 1.0000000000000000 1.00000000000000005E-004
2067.9735035099998 1.0000000000000000 1.00000000000000005E-004
2067.9824709300001 1.0000000000000000 1.00000000000000005E-004
2067.9914383900000 1.0000000000000000 1.00000000000000005E-004
2068.0004058899999 1.0000000000000000 1.00000000000000005E-004
2068.0093734299999 1.0000000000000000 1.00000000000000005E-004
2068.0183410099999 1.0000000000000000 1.00000000000000005E-004
2068.0273086200000 1.0000000000000000 1.00000000000000005E-004
2068.0362762800000 1.0000000000000000 1.00000000000000005E-004
2068.0452439699998 1.0000000000000000 1.00000000000000005E-004
2068.0542117099999 1.0000000000000000 1.00000000000000005E-004
2068.0631794800001 1.0000000000000000 1.00000000000000005E-004
