2054.3700564199999 1.0000000000000000 1.00000000000000005E-004
2054.3789648600000 1.0000000000000000 1.00000000000000005E-004
2054.3878733299998 1.0000000000000000 1.00000000000000005E-004
2054.3967818400001 1.0000000000000000 1.00000000000000005E-004
2054.4056903900000 1.0000000000000000 1.00000000000000005E-004
2054.4145989799999 1.0000000000000000 1.00000000000000005E-004
2054.4235076000000 1.0000000000000000 1.00000000000000005E-004
2054.4324162700000 1.0000000000000000 1.00000000000000005E-004
2054.4413249700001 1.0000000000000000 1.00000000000000005E-004
2054.4502337099998 1.0000000000000000 1.00000000000000005E-004
2054.4591424900000 1.0000000000000000 1.00000000000000005E-004
2054.4680513100002 1.0000000000000000 1.00000000000000005E-004
2054.4769601700000 1.0000000000000000 1.00000000000000005E-004
2054.4858690699998 1.0000000000000000 1.00000000000000005E-004
2054.4947780000002 1.0000000000000000 1.00000000000000005E-004
2054.5036869800001 1.0000000000000000 1.00000000000000005E-004
2054.5125959900001 1.0000000000000000 1.00000000000000005E-004
2054.5215050400002 1.0000000000000000 1.00000000000000005E-004
2054.5304141299998 1.0000000000000000 1.00000000000000005E-004
2054.5393232599999 1.0000000000000000 1.00000000000000005E-004
2054.5482324300001 0.99999860120775952 1.00000000000000005E-004
2054.5571416299999 0.99999858648702500 1.00000000000000005E-004
2054.5660508800001 0.99999857153272131 1.00000000000000005E-004
2054.5749601600000 0.99999855633988721 1.00000000000000005E-004
2054.5838694800000 0.99999854090342133 1.00000000000000005E-004
2054.5927788399999 0.99999852521808108 1.00000000000000005E-004
2054.6016882399999 0.99999850927848577 1.00000000000000005E-004
2054.6105976800000 0.99999849307911082 1.00000000000000005E-004
2054.6195071600000 0.99999847661428942 1.00000000000000005E-004
2054.6284166700002 0.99999845987819391 1.00000000000000005E-004
2054.6373262200000 0.99999844286481865 1.00000000000000005E-004
2054.6462358200001 0.99999842556799556 1.00000000000000005E-004
2054.6551454500000 0.99999840798140871 1.00000000000000005E-004
2054.6640551199998 0.99999839009855751 1.00000000000000005E-004
2054.6729648199998 0.99999837191274143 1.00000000000000005E-004
2054.6818745700002 0.99999835341706056 1.00000000000000005E-004
2054.6907843600002 0.99999833460444243 1.00000000000000005E-004
2054.6996941799998 0.99999831546762230 1.00000000000000005E-004
2054.7086040400000 0.99999829599909917 1.00000000000000005E-004
2054.7175139400001 0.99999827619115256 1.00000000000000005E-004
2054.7264238799999 0.99999825603584469 1.00000000000000005E-004
2054.7353338600001 0.99999823552500644 1.00000000000000005E-004
2054.7442438799999 0.99999821465023520 1.00000000000000005E-004
2054.7531539299998 0.99999819340286811 1.00000000000000005E-004
2054.7620640300001 0.99999817177397721 1.00000000000000005E-004
2054.7709741600002 0.99999814975438006 1.00000000000000005E-004
2054.7798843300002 0.99999812733460935 1.00000000000000005E-004
2054.7887945399998 0.99999810450489901 1.00000000000000005E-004
2054.7977047899999 0.99999808125519174 1.00000000000000005E-004
2054.8066150800000 0.99999805757512161 1.00000000000000005E-004
2054.8155254100002 0.99999803345401161 1.00000000000000005E-004
2054.8244357700000 0.99999800888083745 1.00000000000000005E-004
2054.8333461799998 0.99999798384422256 1.00000000000000005E-004
2054.8422566200002 0.99999795833244820 1.00000000000000005E-004
2054.8511671000001 0.99999793233341161 1.00000000000000005E-004
2054.8600776200001 0.99999790583461490 1.00000000000000005E-004
2054.8689881800001 0.99999787882317437 1.00000000000000005E-004
2054.8778987699998 0.99999785128578189 1.00000000000000005E-004
2054.8868094099998 0.99999782320868136 1.00000000000000005E-004
2054.8957200800000 0.99999779457768478 1.00000000000000005E-004
2054.9046307899998 0.99999776537810969 1.00000000000000005E-004
2054.9135415500000 0.99999773559479299 1.00000000000000005E-004
2054.9224523399998 0.99999770521210440 1.00000000000000005E-004
2054.9313631599998 0.99999767421385000 1.00000000000000005E-004
2054.9402740300002 0.99999764258324897 1.00000000000000005E-004
2054.9491849400001 0.99999761030299394 1.00000000000000005E-004
2054.9580958800002 0.99999757735519512 1.00000000000000005E-004
2054.9670068599999 0.99999754372128991 1.00000000000000005E-004
2054.9759178899999 0.99999750938207910 1.00000000000000005E-004
2054.9848289500001 0.99999747431772823 1.00000000000000005E-004
2054.9937400499998 0.99999743850769252 1.00000000000000005E-004
2055.0026511800002 0.99999740193065800 1.00000000000000005E-004
2055.0115623600000 0.99999736456454158 1.00000000000000005E-004
2055.0204735699999 0.99999732638647776 1.00000000000000005E-004
2055.0293848299998 0.99999728737276972 1.00000000000000005E-004
2055.0382961199998 0.99999724749886587 1.00000000000000005E-004
2055.0472074499999 0.99999720673928527 1.00000000000000005E-004
2055.0561188199999 0.99999716506758130 1.00000000000000005E-004
2055.0650302300000 0.99999712245632810 1.00000000000000005E-004
2055.0739416800002 0.99999707887708211 1.00000000000000005E-004
2055.0828531600000 0.99999703430029463 1.00000000000000005E-004
2055.0917646900002 0.99999698869526454 1.00000000000000005E-004
2055.1006762500001 0.99999694203013523 1.00000000000000005E-004
2055.1095878500000 0.99999689427178640 1.00000000000000005E-004
2055.1184994900000 0.99999684538577727 1.00000000000000005E-004
2055.1274111700000 0.99999679533631791 1.00000000000000005E-004
2055.1363228900000 0.99999674408620853 1.00000000000000005E-004
2055.1452346400001 0.99999669159672877 1.00000000000000005E-004
2055.1541464400002 0.99999663782756432 1.00000000000000005E-004
2055.1630582700000 0.99999658273679026 1.00000000000000005E-004
2055.1719701400002 0.99999652628072555 1.00000000000000005E-004
2055.1808820500000 0.99999646841384870 1.00000000000000005E-004
2055.1897939999999 0.99999640908874798 1.00000000000000005E-004
2055.1987059899998 0.99999634825602968 1.00000000000000005E-004
2055.2076180099998 0.99999628586416267 1.00000000000000005E-004
2055.2165300800002 0.99999622185936721 1.00000000000000005E-004
2055.2254421799998 0.99999615618554605 1.00000000000000005E-004
2055.2343543299999 0.99999608878415147 1.00000000000000005E-004
2055.2432665100000 0.99999601959406803 1.00000000000000005E-004
2055.2521787300002 0.99999594855142881 1.00000000000000005E-004
2055.2610909900000 0.99999587558948411 1.00000000000000005E-004
2055.2700032799999 0.99999580063844740 1.00000000000000005E-004
2055.2789156200001 0.99999572362531164 1.00000000000000005E-004
2055.2878279900001 0.99999564447373512 1.00000000000000005E-004
2055.2967404000001 0.99999556310374971 1.00000000000000005E-004
2055.3056528600000 0.99999547943162026 1.00000000000000005E-004
2055.3145653500001 0.99999539336972165 1.00000000000000005E-004
2055.3234778800002 0.99999530482618970 1.00000000000000005E-004
2055.3323904399999 0.99999521370461897 1.00000000000000005E-004
2055.3413030500001 0.99999511990387002 1.00000000000000005E-004
2055.3502156899999 0.99999502331783097 1.00000000000000005E-004
2055.3591283800001 0.99999492383510080 1.00000000000000005E-004
2055.3680411000000 0.99999482133868345 1.00000000000000005E-004
2055.3769538600000 0.99999471570556442 1.00000000000000005E-004
2055.3858666599999 0.99999460680635355 1.00000000000000005E-004
2055.3947794999999 0.99999449450499445 1.00000000000000005E-004
2055.4036923700000 0.99999437865823104 1.00000000000000005E-004
2055.4126052900001 0.99999425911513018 1.00000000000000005E-004
2055.4215182399998 0.99999413571668072 1.00000000000000005E-004
2055.4304312400000 0.99999400829524054 1.00000000000000005E-004
2055.4393442700002 0.99999387667399620 1.00000000000000005E-004
2055.4482573400001 0.99999374066626390 1.00000000000000005E-004
2055.4571704499999 0.99999360007485538 1.00000000000000005E-004
2055.4660835899999 0.99999345469136580 1.00000000000000005E-004
2055.4749967799999 0.99999330429534894 1.00000000000000005E-004
2055.4839099999999 0.99999314865358369 1.00000000000000005E-004
2055.4928232699999 0.99999298751914190 1.00000000000000005E-004
2055.5017365700000 0.99999282063043893 1.00000000000000005E-004
2055.5106499100002 0.99999264771003560 1.00000000000000005E-004
2055.5195632900000 0.99999246846277079 1.00000000000000005E-004
2055.5284767100002 0.99999228255291761 1.00000000000000005E-004
2055.5373901600001 0.99999208923764915 1.00000000000000005E-004
2055.5463036599999 0.99999188412661932 1.00000000000000005E-004
2055.5552171899999 0.99999164547927744 1.00000000000000005E-004
2055.5641307599999 0.99999131733719404 1.00000000000000005E-004
2055.5730443799998 0.99999085263155896 1.00000000000000005E-004
2055.5819580200000 0.99999031448341680 1.00000000000000005E-004
2055.5908717100001 0.99998983780138595 1.00000000000000005E-004
2055.5997854399998 0.99998946745699269 1.00000000000000005E-004
2055.6086992099999 0.99998915199580385 1.00000000000000005E-004
2055.6176130099998 0.99998884322334936 1.00000000000000005E-004
2055.6265268500001 0.99998852434435304 1.00000000000000005E-004
2055.6354407300000 0.99998819187449084 1.00000000000000005E-004
2055.6443546599999 0.99998784474845337 1.00000000000000005E-004
2055.6532686099999 0.99998748207717236 1.00000000000000005E-004
2055.6621826099999 0.99998710291693982 1.00000000000000005E-004
2055.6710966500000 0.99998670625193720 1.00000000000000005E-004
2055.6800107200002 0.99998629098700420 1.00000000000000005E-004
2055.6889248399998 0.99998585593964118 1.00000000000000005E-004
2055.6978389900000 0.99998539983204260 1.00000000000000005E-004
2055.7067531799999 0.99998492128126848 1.00000000000000005E-004
2055.7156674100002 0.99998441878869637 1.00000000000000005E-004
2055.7245816800000 0.99998389072872806 1.00000000000000005E-004
2055.7334959800000 0.99998333533455197 1.00000000000000005E-004
2055.7424103300000 0.99998275066680975 1.00000000000000005E-004
2055.7513247100001 0.99998213430649219 1.00000000000000005E-004
2055.7602391400001 0.99998148059094871 1.00000000000000005E-004
2055.7691536000002 0.99998076803243419 1.00000000000000005E-004
2055.7780680999999 0.99997994061098017 1.00000000000000005E-004
2055.7869826400001 0.99997894213846061 1.00000000000000005E-004
2055.7958972100000 0.99997781928144747 1.00000000000000005E-004
2055.8048118299998 0.99997670376048731 1.00000000000000005E-004
2055.8137264900001 0.99997564968115349 1.00000000000000005E-004
2055.8226411800001 0.99997460719202358 1.00000000000000005E-004
2055.8315559100001 0.99997352139346418 1.00000000000000005E-004
2055.8404706800002 0.99997236844884219 1.00000000000000005E-004
2055.8493854899998 0.99997113877616139 1.00000000000000005E-004
2055.8583003399999 0.99996982501956377 1.00000000000000005E-004
2055.8672152300001 0.99996841929205116 1.00000000000000005E-004
2055.8761301499999 0.99996691263186155 1.00000000000000005E-004
2055.8850451100002 0.99996529325103656 1.00000000000000005E-004
2055.8939601200000 0.99996353731573440 1.00000000000000005E-004
2055.9028751599999 0.99996158841271521 1.00000000000000005E-004
2055.9117902399998 0.99995936868171209 1.00000000000000005E-004
2055.9207053599998 0.99995687412530987 1.00000000000000005E-004
2055.9296205099999 0.99995421141186069 1.00000000000000005E-004
2055.9385357100000 0.99995145105726990 1.00000000000000005E-004
2055.9474509500001 0.99994854369254604 1.00000000000000005E-004
2055.9563662199998 0.99994540538506915 1.00000000000000005E-004
2055.9652815300001 0.99994197743950541 1.00000000000000005E-004
2055.9741968799999 0.99993821573362818 1.00000000000000005E-004
2055.9831122700002 0.99993407447849170 1.00000000000000005E-004
2055.9920277000001 0.99992950055228069 1.00000000000000005E-004
2056.0009431600001 0.99992443120787644 1.00000000000000005E-004
2056.0098586700001 0.99991879183343135 1.00000000000000005E-004
2056.0187742100002 0.99991249314105601 1.00000000000000005E-004
2056.0276898000002 0.99990542753692158 1.00000000000000005E-004
2056.0366054199999 0.99989746439454485 1.00000000000000005E-004
2056.0455210800001 0.99988844382041153 1.00000000000000005E-004
2056.0544367799998 0.99987816835059984 1.00000000000000005E-004
2056.0633525100002 0.99986639173061853 1.00000000000000005E-004
2056.0722682900000 0.99985280353480455 1.00000000000000005E-004
2056.0811841000000 0.99983700776038920 1.00000000000000005E-004
2056.0900999599999 0.99981849246574905 1.00000000000000005E-004
2056.0990158499999 0.99979658584183217 1.00000000000000005E-004
2056.1079317799999 0.99977039114063426 1.00000000000000005E-004
2056.1168477500000 0.99973868775761754 1.00000000000000005E-004
2056.1257637600002 0.99969977610684646 1.00000000000000005E-004
2056.1346798000000 0.99965122492443503 1.00000000000000005E-004
2056.1435958900001 0.99958943876729123 1.00000000000000005E-004
2056.1525120100000 0.99950883004409796 1.00000000000000005E-004
2056.1614281699999 0.99939932215854443 1.00000000000000005E-004
2056.1703443699998 0.99922897969933733 1.00000000000000005E-004
2056.1792606099998 0.99879129550316437 1.00000000000000005E-004
2056.1881768899998 0.99667240572249394 1.00000000000000005E-004
2056.1970932099998 0.98575150704534942 1.00000000000000005E-004
2056.2060095699999 0.94287858828190896 1.00000000000000005E-004
2056.2149259600001 0.82600298966842767 1.00000000000000005E-004
2056.2238423899998 0.61178698191750580 1.00000000000000005E-004
2056.2327588700000 0.35242709080091261 1.00000000000000005E-004
2056.2416753799998 0.14783348633632198 1.00000000000000005E-004
2056.2505919300002 4.66268484757873317E-002 1.00000000000000005E-004
2056.2595085100002 3.23861099667964655E-002 1.00000000000000005E-004
2056.2684251400001 9.77990136304906638E-002 1.00000000000000005E-004
2056.2773418000002 0.26457404611944468 1.00000000000000005E-004
2056.2862585100002 0.51429173739148315 1.00000000000000005E-004
2056.2951752499998 0.75615043388514558 1.00000000000000005E-004
2056.3040920300000 0.91006253494813305 1.00000000000000005E-004
2056.3130088500002 0.97540691556730996 1.00000000000000005E-004
2056.3219257100000 0.99437609118779302 1.00000000000000005E-004
2056.3308426100002 0.99837009139055510 1.00000000000000005E-004
2056.3397595400002 0.99912347870515028 1.00000000000000005E-004
2056.3486765200000 0.99934606421084959 1.00000000000000005E-004
2056.3575935300000 0.99947180003564884 1.00000000000000005E-004
2056.3665105800001 0.99956166641945998 1.00000000000000005E-004
2056.3754276700001 0.99962973169959002 1.00000000000000005E-004
2056.3843447999998 0.99968276131107459 1.00000000000000005E-004
2056.3932619699999 0.99972496686471257 1.00000000000000005E-004
2056.4021791800001 0.99975915297229401 1.00000000000000005E-004
2056.4110964199999 0.99978725768600640 1.00000000000000005E-004
2056.4200136999998 0.99981065962450510 1.00000000000000005E-004
2056.4289310300001 0.99983036342458764 1.00000000000000005E-004
2056.4378483900000 0.99984711644509894 1.00000000000000005E-004
2056.4467657900000 0.99986148471936442 1.00000000000000005E-004
2056.4556832300000 0.99987390372657858 1.00000000000000005E-004
2056.4646007000001 0.99988471319103500 1.00000000000000005E-004
2056.4735182200002 0.99989418145020570 1.00000000000000005E-004
2056.4824357699999 0.99990252283104719 1.00000000000000005E-004
2056.4913533700001 0.99990991026380704 1.00000000000000005E-004
2056.5002709999999 0.99991648456710280 1.00000000000000005E-004
2056.5091886700002 0.99992236138465007 1.00000000000000005E-004
2056.5181063800001 0.99992763642249538 1.00000000000000005E-004
2056.5270241300000 0.99993238944784946 1.00000000000000005E-004
2056.5359419100000 0.99993668738790964 1.00000000000000005E-004
2056.5448597400000 0.99994058674255093 1.00000000000000005E-004
2056.5537776000001 0.99994413550642236 1.00000000000000005E-004
2056.5626954999998 0.99994737512239029 1.00000000000000005E-004
2056.5716134499999 0.99995034534920635 1.00000000000000005E-004
2056.5805314300001 0.99995309931446708 1.00000000000000005E-004
2056.5894494400000 0.99995571691594531 1.00000000000000005E-004
2056.5983675000002 0.99995825292516571 1.00000000000000005E-004
2056.6072856000001 0.99996064537666496 1.00000000000000005E-004
2056.6162037300001 0.99996278126594762 1.00000000000000005E-004
2056.6251219000001 0.99996465161770909 1.00000000000000005E-004
2056.6340401200000 0.99996633129325008 1.00000000000000005E-004
2056.6429583700001 0.99996787927521502 1.00000000000000005E-004
2056.6518766600002 0.99996932053259424 1.00000000000000005E-004
2056.6607949800000 0.99997066656530398 1.00000000000000005E-004
2056.6697133500002 0.99997192583127259 1.00000000000000005E-004
2056.6786317599999 0.99997310664654016 1.00000000000000005E-004
2056.6875501999998 0.99997422328907115 1.00000000000000005E-004
2056.6964686800002 0.99997531331688883 1.00000000000000005E-004
2056.7053872000001 0.99997644014799103 1.00000000000000005E-004
2056.7143057600001 0.99997761699300869 1.00000000000000005E-004
2056.7232243600001 0.99997873785210245 1.00000000000000005E-004
2056.7321430000002 0.99997969307576906 1.00000000000000005E-004
2056.7410616799998 0.99998049371883935 1.00000000000000005E-004
2056.7499803900000 0.99998120690838310 1.00000000000000005E-004
2056.7588991399998 0.99998187217589074 1.00000000000000005E-004
2056.7678179400000 0.99998250148883727 1.00000000000000005E-004
2056.7767367699998 0.99998309846827127 1.00000000000000005E-004
2056.7856556400002 0.99998366537377625 1.00000000000000005E-004
2056.7945745400002 0.99998420419759104 1.00000000000000005E-004
2056.8034934900002 0.99998471676656309 1.00000000000000005E-004
2056.8124124800001 0.99998520476053299 1.00000000000000005E-004
2056.8213314999998 0.99998566972677805 1.00000000000000005E-004
2056.8302505600000 0.99998611309310936 1.00000000000000005E-004
2056.8391696600002 0.99998653617834421 1.00000000000000005E-004
2056.8480887999999 0.99998694020191337 1.00000000000000005E-004
2056.8570079800002 0.99998732629285103 1.00000000000000005E-004
2056.8659272000000 0.99998769549773137 1.00000000000000005E-004
2056.8748464599998 0.99998804878769076 1.00000000000000005E-004
2056.8837657499998 0.99998838706576365 1.00000000000000005E-004
2056.8926850799999 0.99998871119438815 1.00000000000000005E-004
2056.9016044599998 0.99998902235762255 1.00000000000000005E-004
2056.9105238699999 0.99998932522163964 1.00000000000000005E-004
2056.9194433200000 0.99998964114423206 1.00000000000000005E-004
2056.9283627999998 0.99999002362836376 1.00000000000000005E-004
2056.9372823300000 0.99999051425819407 1.00000000000000005E-004
2056.9462018999998 0.99999104477639389 1.00000000000000005E-004
2056.9551215000001 0.99999148106464442 1.00000000000000005E-004
2056.9640411400001 0.99999178399751798 1.00000000000000005E-004
2056.9729608299999 0.99999200988504311 1.00000000000000005E-004
2056.9818805499999 0.99999220871572581 1.00000000000000005E-004
2056.9908003000000 0.99999239739974088 1.00000000000000005E-004
2056.9997201000001 0.99999257905985461 1.00000000000000005E-004
2057.0086399400002 0.99999275426956902 1.00000000000000005E-004
2057.0175598100000 0.99999292334251710 1.00000000000000005E-004
2057.0264797300001 0.99999308656250241 1.00000000000000005E-004
2057.0353996800000 0.99999324419668723 1.00000000000000005E-004
2057.0443196699998 0.99999339649719909 1.00000000000000005E-004
2057.0532397000002 0.99999354370215376 1.00000000000000005E-004
2057.0621597700001 0.99999368603646033 1.00000000000000005E-004
2057.0710798800001 0.99999382371269196 1.00000000000000005E-004
2057.0800000200002 0.99999395693200011 1.00000000000000005E-004
2057.0889202100002 0.99999408588483474 1.00000000000000005E-004
2057.0978404299999 0.99999421075149042 1.00000000000000005E-004
2057.1067606900001 0.99999433170287333 1.00000000000000005E-004
2057.1156809899999 0.99999444890109324 1.00000000000000005E-004
2057.1246013300001 0.99999456249990371 1.00000000000000005E-004
2057.1335217100000 0.99999467264521913 1.00000000000000005E-004
2057.1424421199999 0.99999477947566850 1.00000000000000005E-004
2057.1513625799998 0.99999488312304374 1.00000000000000005E-004
2057.1602830699999 0.99999498371261109 1.00000000000000005E-004
2057.1692036099998 0.99999508136352222 1.00000000000000005E-004
2057.1781241799999 0.99999517618914302 1.00000000000000005E-004
2057.1870447900001 0.99999526829745700 1.00000000000000005E-004
2057.1959654399998 0.99999535779134152 1.00000000000000005E-004
2057.2048861200001 0.99999544476885172 1.00000000000000005E-004
2057.2138068499999 0.99999552932351843 1.00000000000000005E-004
2057.2227276100002 0.99999561154453542 1.00000000000000005E-004
2057.2316484200001 0.99999569151701762 1.00000000000000005E-004
2057.2405692600000 0.99999576932221002 1.00000000000000005E-004
2057.2494901400000 0.99999584503775019 1.00000000000000005E-004
2057.2584110600001 0.99999591873785265 1.00000000000000005E-004
2057.2673320200001 0.99999599049341859 1.00000000000000005E-004
2057.2762530099999 0.99999606037227740 1.00000000000000005E-004
2057.2851740500000 0.99999612843935470 1.00000000000000005E-004
2057.2940951199998 0.99999619475677093 1.00000000000000005E-004
2057.3030162400000 0.99999625938399883 1.00000000000000005E-004
2057.3119373899999 0.99999632237798075 1.00000000000000005E-004
2057.3208585799998 0.99999638379330269 1.00000000000000005E-004
2057.3297798100002 0.99999644368229312 1.00000000000000005E-004
2057.3387010699998 0.99999650209512947 1.00000000000000005E-004
2057.3476223799998 0.99999655907996721 1.00000000000000005E-004
2057.3565437200000 0.99999661468299095 1.00000000000000005E-004
2057.3654651100001 0.99999666894852723 1.00000000000000005E-004
2057.3743865299998 0.99999672191911948 1.00000000000000005E-004
2057.3833079900000 0.99999677363565664 1.00000000000000005E-004
2057.3922294899999 0.99999682413744539 1.00000000000000005E-004
2057.4011510300002 0.99999687346224486 1.00000000000000005E-004
2057.4100726100000 0.99999692164633802 1.00000000000000005E-004
2057.4189942200001 0.99999696872463639 1.00000000000000005E-004
2057.4279158800000 0.99999701473074576 1.00000000000000005E-004
2057.4368375700001 0.99999705969697106 1.00000000000000005E-004
2057.4457593000002 0.99999710365442429 1.00000000000000005E-004
2057.4546810699999 0.99999714663308159 1.00000000000000005E-004
2057.4636028800001 0.99999718866179410 1.00000000000000005E-004
2057.4725247299998 0.99999722976834238 1.00000000000000005E-004
2057.4814466100001 0.99999726997951266 1.00000000000000005E-004
2057.4903685400000 0.99999730932114506 1.00000000000000005E-004
2057.4992904999999 0.99999734781813954 1.00000000000000005E-004
2057.5082125099998 0.99999738549450623 1.00000000000000005E-004
2057.5171345499998 0.99999742237339528 1.00000000000000005E-004
2057.5260566299999 0.99999745847715760 1.00000000000000005E-004
2057.5349787499999 0.99999749382737046 1.00000000000000005E-004
2057.5439009000002 0.99999752844486589 1.00000000000000005E-004
2057.5528230999998 0.99999756234977188 1.00000000000000005E-004
2057.5617453300001 0.99999759556151946 1.00000000000000005E-004
2057.5706676099999 0.99999762809887616 1.00000000000000005E-004
2057.5795899200002 0.99999765997996992 1.00000000000000005E-004
2057.5885122700001 0.99999769122233595 1.00000000000000005E-004
2057.5974346600001 0.99999772184293756 1.00000000000000005E-004
2057.6063570900001 0.99999775185815654 1.00000000000000005E-004
2057.6152795500002 0.99999778128384986 1.00000000000000005E-004
2057.6242020599998 0.99999781013537070 1.00000000000000005E-004
2057.6331246000000 0.99999783842756529 1.00000000000000005E-004
2057.6420471900001 0.99999786617479947 1.00000000000000005E-004
2057.6509698099999 0.99999789339097100 1.00000000000000005E-004
2057.6598924700002 0.99999792008955057 1.00000000000000005E-004
2057.6688151700000 0.99999794628359129 1.00000000000000005E-004
2057.6777379099999 0.99999797198572116 1.00000000000000005E-004
2057.6866606799999 0.99999799720818250 1.00000000000000005E-004
2057.6955834999999 0.99999802196284771 1.00000000000000005E-004
2057.7045063500000 0.99999804626120781 1.00000000000000005E-004
2057.7134292400001 0.99999807011440989 1.00000000000000005E-004
2057.7223521699998 0.99999809353327285 1.00000000000000005E-004
2057.7312751400000 0.99999811652828297 1.00000000000000005E-004
2057.7401981500002 0.99999813910960844 1.00000000000000005E-004
2057.7491212000000 0.99999816128711394 1.00000000000000005E-004
2057.7580442899998 0.99999818307036181 1.00000000000000005E-004
2057.7669674099998 0.99999820446863741 1.00000000000000005E-004
2057.7758905699998 0.99999822549097861 1.00000000000000005E-004
2057.7848137800001 0.99999824614615063 1.00000000000000005E-004
2057.7937370200002 0.99999826644263901 1.00000000000000005E-004
2057.8026602999998 0.99999828638869159 1.00000000000000005E-004
2057.8115836100001 0.99999830599234096 1.00000000000000005E-004
2057.8205069700002 0.99999832526139787 1.00000000000000005E-004
2057.8294303700000 0.99999834420342593 1.00000000000000005E-004
2057.8383537999998 0.99999836282576993 1.00000000000000005E-004
2057.8472772700002 0.99999838113559136 1.00000000000000005E-004
2057.8562007800001 0.99999839913986188 1.00000000000000005E-004
2057.8651243400000 0.99999841684533519 1.00000000000000005E-004
2057.8740479200001 0.99999843425857515 1.00000000000000005E-004
2057.8829715500001 0.99999845138598964 1.00000000000000005E-004
2057.8918952200002 0.99999846823380312 1.00000000000000005E-004
2057.9008189199999 0.99999848480806497 1.00000000000000005E-004
2057.9097426700000 0.99999850111466948 1.00000000000000005E-004
2057.9186664499998 0.99999851715934507 1.00000000000000005E-004
2057.9275902700001 0.99999853294767216 1.00000000000000005E-004
2057.9365141300000 0.99999854848509029 1.00000000000000005E-004
2057.9454380299999 0.99999856377688945 1.00000000000000005E-004
2057.9543619699998 0.99999857882821352 1.00000000000000005E-004
2057.9632859399999 0.99999859364407928 1.00000000000000005E-004
2057.9722099599999 1.0000000000000000 1.00000000000000005E-004
2057.9811340100000 1.0000000000000000 1.00000000000000005E-004
2057.9900581000002 1.0000000000000000 1.00000000000000005E-004
2057.9989822299999 1.0000000000000000 1.00000000000000005E-004
2058.0079064000001 1.0000000000000000 1.00000000000000005E-004
2058.0168306099999 1.0000000000000000 1.00000000000000005E-004
2058.0257548599998 1.0000000000000000 1.00000000000000005E-004
2058.0346791400002 1.0000000000000000 1.00000000000000005E-004
2058.0436034700001 1.0000000000000000 1.00000000000000005E-004
2058.0525278300001 1.0000000000000000 1.00000000000000005E-004
2058.0614522300002 1.0000000000000000 1.00000000000000005E-004
2058.0703766699999 1.0000000000000000 1.00000000000000005E-004
2058.0793011500000 1.0000000000000000 1.00000000000000005E-004
2058.0882256700002 1.0000000000000000 1.00000000000000005E-004
2058.0971502200000 1.0000000000000000 1.00000000000000005E-004
2058.1060748199998 1.0000000000000000 1.00000000000000005E-004
2058.1149994500001 1.0000000000000000 1.00000000000000005E-004
2058.1239241300000 1.0000000000000000 1.00000000000000005E-004
2058.1328488400000 1.0000000000000000 1.00000000000000005E-004
2058.1417735900000 1.0000000000000000 1.00000000000000005E-004
