2060.3384382400000 1.0000000000000000 1.00000000000000005E-004
2060.3473725499998 1.0000000000000000 1.00000000000000005E-004
2060.3563069100001 1.0000000000000000 1.00000000000000005E-004
2060.3652413000000 1.0000000000000000 1.00000000000000005E-004
2060.3741757299999 1.0000000000000000 1.00000000000000005E-004
2060.3831101999999 1.0000000000000000 1.00000000000000005E-004
2060.3920447000000 1.0000000000000000 1.00000000000000005E-004
2060.4009792500001 1.0000000000000000 1.00000000000000005E-004
2060.4099138400002 1.0000000000000000 1.00000000000000005E-004
2060.4188484599999 1.0000000000000000 1.00000000000000005E-004
2060.4277831200002 1.0000000000000000 1.00000000000000005E-004
2060.4367178200000 1.0000000000000000 1.00000000000000005E-004
2060.4456525599999 1.0000000000000000 1.00000000000000005E-004
2060.4545873400002 1.0000000000000000 1.00000000000000005E-004
2060.4635221600001 1.0000000000000000 1.00000000000000005E-004
2060.4724570200001 1.0000000000000000 1.00000000000000005E-004
2060.4813919100002 1.0000000000000000 1.00000000000000005E-004
2060.4903268500002 1.0000000000000000 1.00000000000000005E-004
2060.4992618199999 1.0000000000000000 1.00000000000000005E-004
2060.5081968300001 1.0000000000000000 1.00000000000000005E-004
2060.5171318799999 0.99999899103385814 1.00000000000000005E-004
2060.5260669700001 0.99999896371253560 1.00000000000000005E-004
2060.5350020999999 0.99999895057273169 1.00000000000000005E-004
2060.5439372599999 0.99999893927692907 1.00000000000000005E-004
2060.5528724699998 0.99999892796326539 1.00000000000000005E-004
2060.5618077099998 0.99999891647510741 1.00000000000000005E-004
2060.5707430000002 0.99999890480151266 1.00000000000000005E-004
2060.5796783199999 0.99999889293827937 1.00000000000000005E-004
2060.5886136800000 0.99999888088127831 1.00000000000000005E-004
2060.5975490800001 0.99999886862626530 1.00000000000000005E-004
2060.6064845100000 0.99999885616887851 1.00000000000000005E-004
2060.6154199900002 0.99999884350462764 1.00000000000000005E-004
2060.6243555100000 0.99999883062891226 1.00000000000000005E-004
2060.6332910599999 0.99999881753700981 1.00000000000000005E-004
2060.6422266499999 0.99999880422404708 1.00000000000000005E-004
2060.6511622799999 0.99999879068501396 1.00000000000000005E-004
2060.6600979499999 0.99999877691476013 1.00000000000000005E-004
2060.6690336600000 0.99999876290799061 1.00000000000000005E-004
2060.6779694100001 0.99999874865925886 1.00000000000000005E-004
2060.6869052000002 0.99999873416296481 1.00000000000000005E-004
2060.6958410200000 0.99999871941333918 1.00000000000000005E-004
2060.7047768900002 0.99999870440443850 1.00000000000000005E-004
2060.7137127900000 0.99999868913015610 1.00000000000000005E-004
2060.7226487299999 0.99999867358419658 1.00000000000000005E-004
2060.7315847099999 0.99999865776007268 1.00000000000000005E-004
2060.7405207299998 0.99999864165110819 1.00000000000000005E-004
2060.7494567899998 0.99999862525043115 1.00000000000000005E-004
2060.7583928800000 0.99999860855095513 1.00000000000000005E-004
2060.7673290200000 0.99999859154537207 1.00000000000000005E-004
2060.7762651899998 0.99999857422615823 1.00000000000000005E-004
2060.7852014000000 0.99999855658554526 1.00000000000000005E-004
2060.7941376600002 0.99999853861552512 1.00000000000000005E-004
2060.8030739500000 0.99999852030786751 1.00000000000000005E-004
2060.8120102700000 0.99999850165405879 1.00000000000000005E-004
2060.8209466399999 0.99999848264529423 1.00000000000000005E-004
2060.8298830499998 0.99999846327251507 1.00000000000000005E-004
2060.8388194899999 0.99999844352637490 1.00000000000000005E-004
2060.8477559799999 0.99999842339721168 1.00000000000000005E-004
2060.8566925000000 0.99999840287505970 1.00000000000000005E-004
2060.8656290600002 0.99999838194962232 1.00000000000000005E-004
2060.8745656599999 0.99999836061025182 1.00000000000000005E-004
2060.8835023000001 0.99999833884595835 1.00000000000000005E-004
2060.8924389800000 0.99999831664539163 1.00000000000000005E-004
2060.9013756899999 0.99999829399681317 1.00000000000000005E-004
2060.9103124500002 0.99999827088807547 1.00000000000000005E-004
2060.9192492400002 0.99999824730662434 1.00000000000000005E-004
2060.9281860800002 0.99999822323947862 1.00000000000000005E-004
2060.9371229499998 0.99999819867321516 1.00000000000000005E-004
2060.9460598599999 0.99999817359393828 1.00000000000000005E-004
2060.9549968100000 0.99999814798726083 1.00000000000000005E-004
2060.9639337899998 0.99999812183828529 1.00000000000000005E-004
2060.9728708200000 0.99999809513156668 1.00000000000000005E-004
2060.9818078899998 0.99999806785113909 1.00000000000000005E-004
2060.9907449900002 0.99999803998047554 1.00000000000000005E-004
2060.9996821300001 0.99999801150241130 1.00000000000000005E-004
2061.0086193100001 0.99999798239915061 1.00000000000000005E-004
2061.0175565300001 0.99999795265225488 1.00000000000000005E-004
2061.0264937900001 0.99999792224260020 1.00000000000000005E-004
2061.0354310900002 0.99999789115035054 1.00000000000000005E-004
2061.0443684299998 0.99999785935493302 1.00000000000000005E-004
2061.0533058000001 0.99999782683497918 1.00000000000000005E-004
2061.0622432199998 0.99999779356828888 1.00000000000000005E-004
2061.0711806700001 0.99999775953183423 1.00000000000000005E-004
2061.0801181600000 0.99999772470167625 1.00000000000000005E-004
2061.0890556899999 0.99999768905292474 1.00000000000000005E-004
2061.0979932599998 0.99999765255972162 1.00000000000000005E-004
2061.1069308699998 0.99999761519519559 1.00000000000000005E-004
2061.1158685099999 0.99999757693137947 1.00000000000000005E-004
2061.1248062000000 0.99999753773915889 1.00000000000000005E-004
2061.1337439200001 0.99999749758824708 1.00000000000000005E-004
2061.1426816899998 0.99999745644711313 1.00000000000000005E-004
2061.1516194900000 0.99999741428293698 1.00000000000000005E-004
2061.1605573299998 0.99999737106151187 1.00000000000000005E-004
2061.1694952100002 0.99999732674718589 1.00000000000000005E-004
2061.1784331200001 0.99999728130278343 1.00000000000000005E-004
2061.1873710800000 0.99999723468950696 1.00000000000000005E-004
2061.1963090800000 0.99999718686693528 1.00000000000000005E-004
2061.2052471100001 0.99999713779290500 1.00000000000000005E-004
2061.2141851800002 0.99999708742333981 1.00000000000000005E-004
2061.2231232899999 0.99999703571219634 1.00000000000000005E-004
2061.2320614400001 0.99999698261138770 1.00000000000000005E-004
2061.2409996299998 0.99999692807066110 1.00000000000000005E-004
2061.2499378600000 0.99999687203746923 1.00000000000000005E-004
2061.2588761299999 0.99999681445686683 1.00000000000000005E-004
2061.2678144299998 0.99999675527132947 1.00000000000000005E-004
2061.2767527800002 0.99999669442061323 1.00000000000000005E-004
2061.2856911600002 0.99999663184166776 1.00000000000000005E-004
2061.2946295800002 0.99999656746840226 1.00000000000000005E-004
2061.3035680399998 0.99999650123151218 1.00000000000000005E-004
2061.3125065400000 0.99999643305833241 1.00000000000000005E-004
2061.3214450800001 0.99999636287263161 1.00000000000000005E-004
2061.3303836599998 0.99999629059441197 1.00000000000000005E-004
2061.3393222700001 0.99999621613962753 1.00000000000000005E-004
2061.3482609299999 0.99999613941994459 1.00000000000000005E-004
2061.3571996199998 0.99999606034255417 1.00000000000000005E-004
2061.3661383499998 0.99999597880981872 1.00000000000000005E-004
2061.3750771199998 0.99999589471895201 1.00000000000000005E-004
2061.3840159299998 0.99999580796176057 1.00000000000000005E-004
2061.3929547799999 0.99999571842428270 1.00000000000000005E-004
2061.4018936699999 0.99999562598642733 1.00000000000000005E-004
2061.4108325900002 0.99999553052150747 1.00000000000000005E-004
2061.4197715599998 0.99999543189580675 1.00000000000000005E-004
2061.4287105600001 0.99999532996821117 1.00000000000000005E-004
2061.4376496000000 0.99999522458960444 1.00000000000000005E-004
2061.4465886799999 0.99999511560230669 1.00000000000000005E-004
2061.4555277999998 0.99999500283956022 1.00000000000000005E-004
2061.4644669600002 0.99999488612487608 1.00000000000000005E-004
2061.4734061600002 0.99999476527136466 1.00000000000000005E-004
2061.4823453899999 0.99999464008089767 1.00000000000000005E-004
2061.4912846699999 0.99999451034330022 1.00000000000000005E-004
2061.5002239800001 0.99999437583559658 1.00000000000000005E-004
2061.5091633299999 0.99999423632091866 1.00000000000000005E-004
2061.5181027200001 0.99999409154744534 1.00000000000000005E-004
2061.5270421499999 0.99999394124735663 1.00000000000000005E-004
2061.5359816199998 0.99999378513558201 1.00000000000000005E-004
2061.5449211300001 0.99999362290847038 1.00000000000000005E-004
2061.5538606700002 0.99999345424219299 1.00000000000000005E-004
2061.5628002600001 0.99999327879112743 1.00000000000000005E-004
2061.5717398800002 0.99999309618625898 1.00000000000000005E-004
2061.5806795399999 0.99999290603305946 1.00000000000000005E-004
2061.5896192400000 0.99999270790905503 1.00000000000000005E-004
2061.5985589799998 0.99999250135252671 1.00000000000000005E-004
2061.6074987600000 0.99999228567990850 1.00000000000000005E-004
2061.6164385799998 0.99999205807089986 1.00000000000000005E-004
2061.6253784300002 0.99999180346929006 1.00000000000000005E-004
2061.6343183300000 0.99999147469828142 1.00000000000000005E-004
2061.6432582600000 0.99999101158562309 1.00000000000000005E-004
2061.6521982300001 0.99999044050923469 1.00000000000000005E-004
2061.6611382400001 0.99998989241840730 1.00000000000000005E-004
2061.6700782900002 0.99998944687609037 1.00000000000000005E-004
2061.6790183799999 0.99998906872080506 1.00000000000000005E-004
2061.6879585100000 0.99998870197906331 1.00000000000000005E-004
2061.6968986799998 0.99998832229087720 1.00000000000000005E-004
2061.7058388800001 0.99998792371617962 1.00000000000000005E-004
2061.7147791200000 0.99998750439574091 1.00000000000000005E-004
2061.7237194099998 0.99998706282762473 1.00000000000000005E-004
2061.7326597299998 0.99998659740700979 1.00000000000000005E-004
2061.7416000899998 0.99998610638243590 1.00000000000000005E-004
2061.7505404899998 0.99998558783842673 1.00000000000000005E-004
2061.7594809200000 0.99998503967668073 1.00000000000000005E-004
2061.7684214000001 0.99998445959453608 1.00000000000000005E-004
2061.7773619099999 0.99998384505999216 1.00000000000000005E-004
2061.7863024700000 0.99998319325485963 1.00000000000000005E-004
2061.7952430599998 0.99998250058329219 1.00000000000000005E-004
2061.8041836900002 0.99998175878881590 1.00000000000000005E-004
2061.8131243600001 0.99998093980669578 1.00000000000000005E-004
2061.8220650700000 0.99997998039051272 1.00000000000000005E-004
2061.8310058200000 0.99997883318396530 1.00000000000000005E-004
2061.8399466000001 0.99997756572232988 1.00000000000000005E-004
2061.8488874300001 0.99997630497021006 1.00000000000000005E-004
2061.8578282899998 0.99997507949931830 1.00000000000000005E-004
2061.8667691999999 0.99997382907844568 1.00000000000000005E-004
2061.8757101400001 0.99997250125977277 1.00000000000000005E-004
2061.8846511199999 0.99997107231579530 1.00000000000000005E-004
2061.8935921399998 0.99996952810563255 1.00000000000000005E-004
2061.9025331900002 0.99996784884487755 1.00000000000000005E-004
2061.9114742900001 0.99996598789715241 1.00000000000000005E-004
2061.9204154300000 0.99996385250602093 1.00000000000000005E-004
2061.9293566000001 0.99996135132189290 1.00000000000000005E-004
2061.9382978100002 0.99995849666419379 1.00000000000000005E-004
2061.9472390599999 0.99995540968396668 1.00000000000000005E-004
2061.9561803600000 0.99995220017496189 1.00000000000000005E-004
2061.9651216799998 0.99994885620931706 1.00000000000000005E-004
2061.9740630500000 0.99994526636036341 1.00000000000000005E-004
2061.9830044599998 0.99994131710617995 1.00000000000000005E-004
2061.9919458999998 0.99993692486338925 1.00000000000000005E-004
2062.0008873900001 0.99993201364228412 1.00000000000000005E-004
2062.0098289100001 0.99992649682196655 1.00000000000000005E-004
2062.0187704700002 0.99992026948643964 1.00000000000000005E-004
2062.0277120699998 0.99991320280362295 1.00000000000000005E-004
2062.0366537099999 0.99990513706699180 1.00000000000000005E-004
2062.0455953900000 0.99989587227237309 1.00000000000000005E-004
2062.0545371100002 0.99988515512113907 1.00000000000000005E-004
2062.0634788600000 0.99987266067836511 1.00000000000000005E-004
2062.0724206599998 0.99985796501418234 1.00000000000000005E-004
2062.0813624900002 0.99984049925036766 1.00000000000000005E-004
2062.0903043600001 0.99981947294115348 1.00000000000000005E-004
2062.0992462700001 0.99979379229956067 1.00000000000000005E-004
2062.1081882200001 0.99976201109638130 1.00000000000000005E-004
2062.1171302100001 0.99972214998735653 1.00000000000000005E-004
2062.1260722400002 0.99967115072335633 1.00000000000000005E-004
2062.1350143000000 0.99960389905188063 1.00000000000000005E-004
2062.1439564100001 0.99950953650361096 1.00000000000000005E-004
2062.1528985499999 0.99933944897426130 1.00000000000000005E-004
2062.1618407300002 0.99874059735531207 1.00000000000000005E-004
2062.1707829600000 0.99547090000833660 1.00000000000000005E-004
2062.1797252199999 0.97955312540499617 1.00000000000000005E-004
2062.1886675100000 0.92299159289131472 1.00000000000000005E-004
2062.1976098499999 0.78423193783148626 1.00000000000000005E-004
2062.2065522299999 0.55468420155433562 1.00000000000000005E-004
2062.2154946400001 0.30240428788131213 1.00000000000000005E-004
2062.2244371000002 0.12145660037774593 1.00000000000000005E-004
2062.2333795899999 4.64371061959562015E-002 1.00000000000000005E-004
2062.2423221200002 6.70929032055616464E-002 1.00000000000000005E-004
2062.2512646900000 0.18871215442982828 1.00000000000000005E-004
2062.2602072999998 0.41017612205008863 1.00000000000000005E-004
2062.2691499500002 0.66490108601102971 1.00000000000000005E-004
2062.2780926300002 0.85796351350644506 1.00000000000000005E-004
2062.2870353600001 0.95575316256003440 1.00000000000000005E-004
2062.2959781200002 0.98943930371775302 1.00000000000000005E-004
2062.3049209199999 0.99759098830556681 1.00000000000000005E-004
2062.3138637600000 0.99911476489489381 1.00000000000000005E-004
2062.3228066400002 0.99942626384676858 1.00000000000000005E-004
2062.3317495599999 0.99954925835655439 1.00000000000000005E-004
2062.3406925200002 0.99962876567367687 1.00000000000000005E-004
2062.3496355200000 0.99968721608800704 1.00000000000000005E-004
2062.3585785499999 0.99973186438516248 1.00000000000000005E-004
2062.3675216299998 0.99976677008185932 1.00000000000000005E-004
2062.3764647399998 0.99979454799158352 1.00000000000000005E-004
2062.3854078899999 0.99981696449225121 1.00000000000000005E-004
2062.3943510800000 0.99983525106620208 1.00000000000000005E-004
2062.4032943100001 0.99985028765652717 1.00000000000000005E-004
2062.4122375799998 0.99986271519565628 1.00000000000000005E-004
2062.4211808900000 0.99987300712448179 1.00000000000000005E-004
2062.4301242299998 0.99988151611048293 1.00000000000000005E-004
2062.4390676200001 0.99988850513784977 1.00000000000000005E-004
2062.4480110400000 0.99989416837709999 1.00000000000000005E-004
2062.4569544999999 0.99989864497119274 1.00000000000000005E-004
2062.4658979999999 0.99990202628938440 1.00000000000000005E-004
2062.4748415399999 0.99990435119842580 1.00000000000000005E-004
2062.4837851200000 0.99990558267538787 1.00000000000000005E-004
2062.4927287400001 0.99990560047777521 1.00000000000000005E-004
2062.5016723899998 0.99990427301762896 1.00000000000000005E-004
2062.5106160900000 0.99990153887291522 1.00000000000000005E-004
2062.5195598199998 0.99989736794664852 1.00000000000000005E-004
2062.5285035900001 0.99989158748502538 1.00000000000000005E-004
2062.5374474000000 0.99988365192230011 1.00000000000000005E-004
2062.5463912499999 0.99987259544059559 1.00000000000000005E-004
2062.5553351399999 0.99985707637664234 1.00000000000000005E-004
2062.5642790699999 0.99983488216124783 1.00000000000000005E-004
2062.5732230300000 0.99979902325390235 1.00000000000000005E-004
2062.5821670400001 0.99970177898466805 1.00000000000000005E-004
2062.5911110799998 0.99918522851941782 1.00000000000000005E-004
2062.6000551600000 0.99617196258759089 1.00000000000000005E-004
2062.6089992900002 0.98222338064976789 1.00000000000000005E-004
2062.6179434500000 0.93506303055590578 1.00000000000000005E-004
2062.6268876399999 0.82172148432075331 1.00000000000000005E-004
2062.6358318799998 0.63111859812860549 1.00000000000000005E-004
2062.6447761600002 0.41139826779836869 1.00000000000000005E-004
2062.6537204699998 0.25098878852225887 1.00000000000000005E-004
2062.6626648299998 0.21716777964962991 1.00000000000000005E-004
2062.6716092199999 0.32344846817652456 1.00000000000000005E-004
2062.6805536500001 0.52653398971019183 1.00000000000000005E-004
2062.6894981199998 0.74071909155933602 1.00000000000000005E-004
2062.6984426300000 0.89211993255960487 1.00000000000000005E-004
2062.7073871799998 0.96637054920753152 1.00000000000000005E-004
2062.7163317700001 0.99202637428665585 1.00000000000000005E-004
2062.7252763900001 0.99839490794707930 1.00000000000000005E-004
2062.7342210500001 0.99958539108055755 1.00000000000000005E-004
2062.7431657600000 0.99978675942699136 1.00000000000000005E-004
2062.7521105000001 0.99984037895805722 1.00000000000000005E-004
2062.7610552800002 0.99986950893787963 1.00000000000000005E-004
2062.7700000999998 0.99989021166228131 1.00000000000000005E-004
2062.7789449600000 0.99990596548586264 1.00000000000000005E-004
2062.7878898499998 0.99991840355742356 1.00000000000000005E-004
2062.7968347900000 0.99992844913124335 1.00000000000000005E-004
2062.8057797600000 0.99993665349852001 1.00000000000000005E-004
2062.8147247799998 0.99994351039490359 1.00000000000000005E-004
2062.8236698300002 0.99994944766100957 1.00000000000000005E-004
2062.8326149200002 0.99995458474594512 1.00000000000000005E-004
2062.8415600500002 0.99995885336433787 1.00000000000000005E-004
2062.8505052199998 0.99996233966305637 1.00000000000000005E-004
2062.8594504299999 0.99996526597395707 1.00000000000000005E-004
2062.8683956700002 0.99996780249364325 1.00000000000000005E-004
2062.8773409599999 0.99997003732840883 1.00000000000000005E-004
2062.8862862800001 0.99997202175727828 1.00000000000000005E-004
2062.8952316400000 0.99997379377021012 1.00000000000000005E-004
2062.9041770399999 0.99997538402765440 1.00000000000000005E-004
2062.9131224799999 0.99997681773042402 1.00000000000000005E-004
2062.9220679599998 0.99997811576957851 1.00000000000000005E-004
2062.9310134799998 0.99997929559072418 1.00000000000000005E-004
2062.9399590399998 0.99998037186083089 1.00000000000000005E-004
2062.9489046300000 0.99998135698921575 1.00000000000000005E-004
2062.9578502700001 0.99998226153663483 1.00000000000000005E-004
2062.9667959399999 0.99998309453907064 1.00000000000000005E-004
2062.9757416500001 0.99998386376840043 1.00000000000000005E-004
2062.9846874000000 0.99998457594152690 1.00000000000000005E-004
2062.9936331899999 0.99998523688933905 1.00000000000000005E-004
2063.0025790200002 0.99998585169521581 1.00000000000000005E-004
2063.0115248799998 0.99998642480920730 1.00000000000000005E-004
2063.0204707900002 0.99998696014181021 1.00000000000000005E-004
2063.0294167299999 0.99998746114139181 1.00000000000000005E-004
2063.0383627199999 0.99998793085931115 1.00000000000000005E-004
2063.0473087400001 0.99998837200434820 1.00000000000000005E-004
2063.0562547999998 0.99998878698961802 1.00000000000000005E-004
2063.0652009000000 0.99998917799256948 1.00000000000000005E-004
2063.0741470399998 0.99998954734277767 1.00000000000000005E-004
2063.0830932099998 0.99998990068216176 1.00000000000000005E-004
2063.0920394300001 0.99999026005724889 1.00000000000000005E-004
2063.1009856800001 0.99999067903865957 1.00000000000000005E-004
2063.1099319800001 0.99999119854762197 1.00000000000000005E-004
2063.1188783100001 0.99999174996418427 1.00000000000000005E-004
2063.1278246799998 0.99999220038465952 1.00000000000000005E-004
2063.1367710899999 0.99999251287521707 1.00000000000000005E-004
2063.1457175400001 0.99999274539852057 1.00000000000000005E-004
2063.1546640299998 0.99999294871447908 1.00000000000000005E-004
2063.1636105500002 0.99999314009044127 1.00000000000000005E-004
2063.1725571200000 0.99999332312501354 1.00000000000000005E-004
2063.1815037199999 0.99999350129898756 1.00000000000000005E-004
2063.1904503599999 0.99999369112076875 1.00000000000000005E-004
2063.1993970399999 0.99999394030260547 1.00000000000000005E-004
2063.2083437599999 0.99999429950848340 1.00000000000000005E-004
2063.2172905200000 0.99999472309492288 1.00000000000000005E-004
2063.2262373200001 0.99999507606220706 1.00000000000000005E-004
2063.2351841599998 0.99999529584455626 1.00000000000000005E-004
2063.2441310300001 0.99999542999934288 1.00000000000000005E-004
2063.2530779499998 0.99999553458618362 1.00000000000000005E-004
2063.2620249000001 0.99999563122518709 1.00000000000000005E-004
2063.2709718900001 0.99999572413355509 1.00000000000000005E-004
2063.2799189200000 0.99999581388180447 1.00000000000000005E-004
2063.2888659900000 0.99999590064211530 1.00000000000000005E-004
2063.2978131000000 0.99999598455489047 1.00000000000000005E-004
2063.3067602500000 0.99999606575126210 1.00000000000000005E-004
2063.3157074300002 0.99999614435451722 1.00000000000000005E-004
2063.3246546599999 0.99999622048068626 1.00000000000000005E-004
2063.3336019200001 0.99999629423950187 1.00000000000000005E-004
2063.3425492199999 0.99999636575106332 1.00000000000000005E-004
2063.3514965600002 0.99999643543063210 1.00000000000000005E-004
2063.3604439400001 0.99999650665657536 1.00000000000000005E-004
2063.3693913600000 0.99999659782688688 1.00000000000000005E-004
2063.3783388200000 0.99999675943558486 1.00000000000000005E-004
2063.3872863100000 0.99999703814054974 1.00000000000000005E-004
2063.3962338500000 0.99999737693707857 1.00000000000000005E-004
2063.4051814200002 0.99999763997592728 1.00000000000000005E-004
2063.4141290399998 0.99999777544864632 1.00000000000000005E-004
2063.4230766900000 0.99999783498961914 1.00000000000000005E-004
2063.4320243799998 0.99999787125204420 1.00000000000000005E-004
2063.4409721100001 0.99999790309923364 1.00000000000000005E-004
2063.4499198700000 0.99999793391087222 1.00000000000000005E-004
2063.4588676799999 0.99999796403097208 1.00000000000000005E-004
2063.4678155199999 0.99999799349643403 1.00000000000000005E-004
2063.4767634099999 0.99999802232659185 1.00000000000000005E-004
2063.4857113300000 0.99999805053957924 1.00000000000000005E-004
2063.4946592900001 0.99999807815289143 1.00000000000000005E-004
2063.5036072900002 0.99999810518341870 1.00000000000000005E-004
2063.5125553299999 0.99999813164745188 1.00000000000000005E-004
2063.5215034100002 0.99999815756071264 1.00000000000000005E-004
2063.5304515299999 0.99999818293837317 1.00000000000000005E-004
2063.5393996799999 0.99999820779509574 1.00000000000000005E-004
2063.5483478800002 0.99999823214505312 1.00000000000000005E-004
2063.5572961100002 0.99999825600192416 1.00000000000000005E-004
2063.5662443800002 0.99999827937893260 1.00000000000000005E-004
2063.5751926900002 0.99999830228887410 1.00000000000000005E-004
2063.5841410399998 0.99999832474411354 1.00000000000000005E-004
2063.5930894300000 0.99999834675660815 1.00000000000000005E-004
2063.6020378600001 0.99999836833792133 1.00000000000000005E-004
2063.6109863299998 0.99999838949923425 1.00000000000000005E-004
2063.6199348300001 0.99999841025136893 1.00000000000000005E-004
2063.6288833700000 0.99999843060482718 1.00000000000000005E-004
2063.6378319599999 0.99999845056976688 1.00000000000000005E-004
2063.6467805799998 0.99999847015599885 1.00000000000000005E-004
2063.6557292399998 0.99999848937304325 1.00000000000000005E-004
2063.6646779399998 0.99999850823012926 1.00000000000000005E-004
2063.6736266799999 0.99999852673618617 1.00000000000000005E-004
2063.6825754500001 0.99999854489987494 1.00000000000000005E-004
2063.6915242700002 0.99999856272959431 1.00000000000000005E-004
2063.7004731200000 0.99999858023348120 1.00000000000000005E-004
2063.7094220099998 0.99999859741943387 1.00000000000000005E-004
2063.7183709500000 0.99999861429511372 1.00000000000000005E-004
2063.7273199199999 0.99999863086793184 1.00000000000000005E-004
2063.7362689299998 0.99999864714508679 1.00000000000000005E-004
2063.7452179699999 0.99999866313357755 1.00000000000000005E-004
2063.7541670599999 0.99999867884020588 1.00000000000000005E-004
2063.7631161899999 0.99999869427155241 1.00000000000000005E-004
2063.7720653500000 0.99999870943400848 1.00000000000000005E-004
2063.7810145600001 0.99999872433378922 1.00000000000000005E-004
2063.7899637999999 0.99999873897692571 1.00000000000000005E-004
2063.7989130800001 0.99999875336927813 1.00000000000000005E-004
2063.8078624000000 0.99999876751654770 1.00000000000000005E-004
2063.8168117599998 0.99999878142426146 1.00000000000000005E-004
2063.8257611499998 0.99999879509780143 1.00000000000000005E-004
2063.8347105900002 0.99999880854240575 1.00000000000000005E-004
2063.8436600700002 0.99999882176315258 1.00000000000000005E-004
2063.8526095799998 0.99999883476497498 1.00000000000000005E-004
2063.8615591299999 0.99999884755268276 1.00000000000000005E-004
2063.8705087200001 0.99999886013096040 1.00000000000000005E-004
2063.8794583499998 0.99999887250435759 1.00000000000000005E-004
2063.8884080200000 0.99999888467730103 1.00000000000000005E-004
2063.8973577299998 0.99999889665409614 1.00000000000000005E-004
2063.9063074800001 0.99999890843893102 1.00000000000000005E-004
2063.9152572600001 0.99999892003590007 1.00000000000000005E-004
2063.9242070900000 0.99999893144971697 1.00000000000000005E-004
2063.9331569500000 0.99999894270726974 1.00000000000000005E-004
2063.9421068500001 0.99999895421826401 1.00000000000000005E-004
2063.9510567900002 0.99999896996345639 1.00000000000000005E-004
2063.9600067699998 1.0000000000000000 1.00000000000000005E-004
2063.9689567900000 1.0000000000000000 1.00000000000000005E-004
2063.9779068500002 1.0000000000000000 1.00000000000000005E-004
2063.9868569400001 1.0000000000000000 1.00000000000000005E-004
2063.9958070799998 1.0000000000000000 1.00000000000000005E-004
2064.0047572499998 1.0000000000000000 1.00000000000000005E-004
2064.0137074700001 1.0000000000000000 1.00000000000000005E-004
2064.0226577200001 1.0000000000000000 1.00000000000000005E-004
2064.0316080100001 1.0000000000000000 1.00000000000000005E-004
2064.0405583400002 1.0000000000000000 1.00000000000000005E-004
2064.0495086999999 1.0000000000000000 1.00000000000000005E-004
2064.0584591100001 1.0000000000000000 1.00000000000000005E-004
2064.0674095499999 1.0000000000000000 1.00000000000000005E-004
2064.0763600400001 1.0000000000000000 1.00000000000000005E-004
2064.0853105599999 1.0000000000000000 1.00000000000000005E-004
2064.0942611199998 1.0000000000000000 1.00000000000000005E-004
2064.1032117200002 1.0000000000000000 1.00000000000000005E-004
2064.1121623600002 1.0000000000000000 1.00000000000000005E-004
2064.1211130400002 1.0000000000000000 1.00000000000000005E-004
2064.1300637600002 1.0000000000000000 1.00000000000000005E-004
