2372.2830893000000 1.0000000000000000 1.00000000000000005E-004
2372.2933763100000 1.0000000000000000 1.00000000000000005E-004
2372.3036633600000 1.0000000000000000 1.00000000000000005E-004
2372.3139504599999 1.0000000000000000 1.00000000000000005E-004
2372.3242376100002 1.0000000000000000 1.00000000000000005E-004
2372.3345248000001 1.0000000000000000 1.00000000000000005E-004
2372.3448120300000 1.0000000000000000 1.00000000000000005E-004
2372.3550993099998 1.0000000000000000 1.00000000000000005E-004
2372.3653866300001 1.0000000000000000 1.00000000000000005E-004
2372.3756739999999 1.0000000000000000 1.00000000000000005E-004
2372.3859614100002 1.0000000000000000 1.00000000000000005E-004
2372.3962488600000 1.0000000000000000 1.00000000000000005E-004
2372.4065363599998 1.0000000000000000 1.00000000000000005E-004
2372.4168239099999 1.0000000000000000 1.00000000000000005E-004
2372.4271115000001 1.0000000000000000 1.00000000000000005E-004
2372.4373991299999 1.0000000000000000 1.00000000000000005E-004
2372.4476868100001 1.0000000000000000 1.00000000000000005E-004
2372.4579745400001 1.0000000000000000 1.00000000000000005E-004
2372.4682622999999 1.0000000000000000 1.00000000000000005E-004
2372.4785501199999 1.0000000000000000 1.00000000000000005E-004
2372.4888379800000 0.99996758472748948 1.00000000000000005E-004
2372.4991258800001 0.99996724332162223 1.00000000000000005E-004
2372.5094138200002 0.99996689649453574 1.00000000000000005E-004
2372.5197018200001 0.99996654413071628 1.00000000000000005E-004
2372.5299898500002 0.99996618611189370 1.00000000000000005E-004
2372.5402779299998 0.99996582231629827 1.00000000000000005E-004
2372.5505660600002 0.99996545261886183 1.00000000000000005E-004
2372.5608542300001 0.99996507689147018 1.00000000000000005E-004
2372.5711424400001 0.99996469500229745 1.00000000000000005E-004
2372.5814307000001 0.99996430681572623 1.00000000000000005E-004
2372.5917190000000 0.99996391219247560 1.00000000000000005E-004
2372.6020073499999 0.99996351098932512 1.00000000000000005E-004
2372.6122957500002 0.99996310305931679 1.00000000000000005E-004
2372.6225841800001 0.99996268825136181 1.00000000000000005E-004
2372.6328726699999 0.99996226640985764 1.00000000000000005E-004
2372.6431611899998 0.99996183737498046 1.00000000000000005E-004
2372.6534497600001 0.99996140098208020 1.00000000000000005E-004
2372.6637383799998 0.99996095706176813 1.00000000000000005E-004
2372.6740270400001 0.99996050544004333 1.00000000000000005E-004
2372.6843157500002 0.99996004593776822 1.00000000000000005E-004
2372.6946045000000 0.99995957837067628 1.00000000000000005E-004
2372.7048932900002 0.99995910254890663 1.00000000000000005E-004
2372.7151821299999 0.99995861827681765 1.00000000000000005E-004
2372.7254710100001 0.99995812535308626 1.00000000000000005E-004
2372.7357599400002 0.99995762357026474 1.00000000000000005E-004
2372.7460489099999 0.99995711270958776 1.00000000000000005E-004
2372.7563379300000 0.99995659243181167 1.00000000000000005E-004
2372.7666269900001 0.99995606097850953 1.00000000000000005E-004
2372.7769161000001 0.99995550732645144 1.00000000000000005E-004
2372.7872052500002 0.99995489185875641 1.00000000000000005E-004
2372.7974944500002 0.99995415284960576 1.00000000000000005E-004
2372.8077836900002 0.99995329653954912 1.00000000000000005E-004
2372.8180729699998 0.99995244553251861 1.00000000000000005E-004
2372.8283623000002 0.99995169962574237 1.00000000000000005E-004
2372.8386516800001 0.99995103810917774 1.00000000000000005E-004
2372.8489411000000 0.99995040147520953 1.00000000000000005E-004
2372.8592305600000 0.99994976019297865 1.00000000000000005E-004
2372.8695200699999 0.99994910728680619 1.00000000000000005E-004
2372.8798096199998 0.99994844162845742 1.00000000000000005E-004
2372.8900992200001 0.99994776282741571 1.00000000000000005E-004
2372.9003888600000 0.99994707053328291 1.00000000000000005E-004
2372.9106785499998 0.99994636438596640 1.00000000000000005E-004
2372.9209682800001 0.99994564401332231 1.00000000000000005E-004
2372.9312580599999 0.99994490903068656 1.00000000000000005E-004
2372.9415478800001 0.99994415904053546 1.00000000000000005E-004
2372.9518377400000 0.99994339363138984 1.00000000000000005E-004
2372.9621276500002 0.99994261237705195 1.00000000000000005E-004
2372.9724176099999 0.99994181483707834 1.00000000000000005E-004
2372.9827076100000 0.99994100055620594 1.00000000000000005E-004
2372.9929976499998 0.99994016906259475 1.00000000000000005E-004
2373.0032877399999 0.99993931986729012 1.00000000000000005E-004
2373.0135778700001 0.99993845246411717 1.00000000000000005E-004
2373.0238680500001 0.99993756632874886 1.00000000000000005E-004
2373.0341582699998 0.99993666091783950 1.00000000000000005E-004
2373.0444485399998 0.99993573566816674 1.00000000000000005E-004
2373.0547388499999 0.99993478999578111 1.00000000000000005E-004
2373.0650292099999 0.99993382329516622 1.00000000000000005E-004
2373.0753196100000 0.99993283493850005 1.00000000000000005E-004
2373.0856100500000 0.99993182427389937 1.00000000000000005E-004
2373.0959005400000 0.99993079062407864 1.00000000000000005E-004
2373.1061910799999 0.99992973328662282 1.00000000000000005E-004
2373.1164816599999 0.99992865153286248 1.00000000000000005E-004
2373.1267722799998 0.99992754460514643 1.00000000000000005E-004
2373.1370629500002 0.99992641171570973 1.00000000000000005E-004
2373.1473536600001 0.99992525204608174 1.00000000000000005E-004
2373.1576444200000 0.99992406474537177 1.00000000000000005E-004
2373.1679352199999 0.99992284892861216 1.00000000000000005E-004
2373.1782260700002 0.99992160367507388 1.00000000000000005E-004
2373.1885169600000 0.99992032802655284 1.00000000000000005E-004
2373.1988078999998 0.99991902098564200 1.00000000000000005E-004
2373.2090988800001 0.99991768151409066 1.00000000000000005E-004
2373.2193898999999 0.99991630852974334 1.00000000000000005E-004
2373.2296809700001 0.99991490090398782 1.00000000000000005E-004
2373.2399720899998 0.99991345746134719 1.00000000000000005E-004
2373.2502632500000 0.99991197697712586 1.00000000000000005E-004
2373.2605544500002 0.99991045817280333 1.00000000000000005E-004
2373.2708456999999 0.99990889971352881 1.00000000000000005E-004
2373.2811369900000 0.99990730020629814 1.00000000000000005E-004
2373.2914283300001 0.99990565819651678 1.00000000000000005E-004
2373.3017197099998 0.99990397216456561 1.00000000000000005E-004
2373.3120111399999 0.99990224052225407 1.00000000000000005E-004
2373.3223026100000 0.99990046160908119 1.00000000000000005E-004
2373.3325941300000 0.99989863368823473 1.00000000000000005E-004
2373.3428856900000 0.99989675494236974 1.00000000000000005E-004
2373.3531773000000 0.99989482346922476 1.00000000000000005E-004
2373.3634689500000 0.99989283727730693 1.00000000000000005E-004
2373.3737606400000 0.99989079427946836 1.00000000000000005E-004
2373.3840523800000 0.99988869228729738 1.00000000000000005E-004
2373.3943441599999 0.99988652900644615 1.00000000000000005E-004
2373.4046359899999 0.99988430202951661 1.00000000000000005E-004
2373.4149278700002 0.99988200883122047 1.00000000000000005E-004
2373.4252197800001 0.99987964675975960 1.00000000000000005E-004
2373.4355117499999 0.99987721302757793 1.00000000000000005E-004
2373.4458037499999 0.99987470470523432 1.00000000000000005E-004
2373.4560958100001 0.99987211871238024 1.00000000000000005E-004
2373.4663879000000 0.99986945180860320 1.00000000000000005E-004
2373.4766800399998 0.99986670058077831 1.00000000000000005E-004
2373.4869722300000 0.99986386143378736 1.00000000000000005E-004
2373.4972644600002 0.99986093058069259 1.00000000000000005E-004
2373.5075567399999 0.99985790402785701 1.00000000000000005E-004
2373.5178490600001 0.99985477756251795 1.00000000000000005E-004
2373.5281414199999 0.99985154673623533 1.00000000000000005E-004
2373.5384338300000 0.99984820684897613 1.00000000000000005E-004
2373.5487262800002 0.99984475293407049 1.00000000000000005E-004
2373.5590187799999 0.99984117973897702 1.00000000000000005E-004
2373.5693113200000 0.99983748170503983 1.00000000000000005E-004
2373.5796039100001 0.99983365294576998 1.00000000000000005E-004
2373.5898965400002 0.99982968722338450 1.00000000000000005E-004
2373.6001892200002 0.99982557792329985 1.00000000000000005E-004
2373.6104819400002 0.99982131802655383 1.00000000000000005E-004
2373.6207747100002 0.99981690008013802 1.00000000000000005E-004
2373.6310675200002 0.99981231616538568 1.00000000000000005E-004
2373.6413603699998 0.99980755785900888 1.00000000000000005E-004
2373.6516532700002 0.99980261619290323 1.00000000000000005E-004
2373.6619462200001 0.99979748161844317 1.00000000000000005E-004
2373.6722392100000 0.99979214396075911 1.00000000000000005E-004
2373.6825322400000 0.99978659236104950 1.00000000000000005E-004
2373.6928253199999 0.99978081522197437 1.00000000000000005E-004
2373.7031184399998 0.99977480015091968 1.00000000000000005E-004
2373.7134116100001 0.99976853389220222 1.00000000000000005E-004
2373.7237048200000 0.99976200225331624 1.00000000000000005E-004
2373.7339980800002 0.99975519002411628 1.00000000000000005E-004
2373.7442913800000 0.99974808088812128 1.00000000000000005E-004
2373.7545847299998 0.99974065732512651 1.00000000000000005E-004
2373.7648781200000 0.99973290050469177 1.00000000000000005E-004
2373.7751715499999 0.99972479016054205 1.00000000000000005E-004
2373.7854650300001 0.99971630445509974 1.00000000000000005E-004
2373.7957585600002 0.99970741983964584 1.00000000000000005E-004
2373.8060521299999 0.99969811080665427 1.00000000000000005E-004
2373.8163457400001 0.99968834862273337 1.00000000000000005E-004
2373.8266394000002 0.99967809418054043 1.00000000000000005E-004
2373.8369330999999 0.99966727866024774 1.00000000000000005E-004
2373.8472268500000 0.99965580342890348 1.00000000000000005E-004
2373.8575206400001 0.99964362347113689 1.00000000000000005E-004
2373.8678144800001 0.99963081130113973 1.00000000000000005E-004
2373.8781083600002 0.99961743188302143 1.00000000000000005E-004
2373.8884022900002 0.99960342699040405 1.00000000000000005E-004
2373.8986962600002 0.99958868426284841 1.00000000000000005E-004
2373.9089902800001 0.99957311287756812 1.00000000000000005E-004
2373.9192843400001 0.99955664033124736 1.00000000000000005E-004
2373.9295784400001 0.99953919446581663 1.00000000000000005E-004
2373.9398725900000 0.99952069685908063 1.00000000000000005E-004
2373.9501667899999 0.99950106111287507 1.00000000000000005E-004
2373.9604610299998 0.99948019177623348 1.00000000000000005E-004
2373.9707553100002 0.99945798314674195 1.00000000000000005E-004
2373.9810496400000 0.99943431792365767 1.00000000000000005E-004
2373.9913440099999 0.99940906566215626 1.00000000000000005E-004
2374.0016384300002 0.99938208095613479 1.00000000000000005E-004
2374.0119328900000 0.99935320132428995 1.00000000000000005E-004
2374.0222273999998 0.99932224474045594 1.00000000000000005E-004
2374.0325219500000 0.99928900673777299 1.00000000000000005E-004
2374.0428165500002 0.99925325700080170 1.00000000000000005E-004
2374.0531111900000 0.99921473534176453 1.00000000000000005E-004
2374.0634058700002 0.99917314688381931 1.00000000000000005E-004
2374.0737005999999 0.99912815633495644 1.00000000000000005E-004
2374.0839953800000 0.99907938120328010 1.00000000000000005E-004
2374.0942902000002 0.99902638356851137 1.00000000000000005E-004
2374.1045850599999 0.99896866004465257 1.00000000000000005E-004
2374.1148799699999 0.99890562964963758 1.00000000000000005E-004
2374.1251749200001 0.99883661899311538 1.00000000000000005E-004
2374.1354699200001 0.99876084397406473 1.00000000000000005E-004
2374.1457649600002 0.99867738709830745 1.00000000000000005E-004
2374.1560600500002 0.99858516916336015 1.00000000000000005E-004
2374.1663551800002 0.99848291364504826 1.00000000000000005E-004
2374.1766503600002 0.99836910154373792 1.00000000000000005E-004
2374.1869455800002 0.99824191364417247 1.00000000000000005E-004
2374.1972408400002 0.99809915582760778 1.00000000000000005E-004
2374.2075361500001 0.99793816170676197 1.00000000000000005E-004
2374.2178315100000 0.99775566449145114 1.00000000000000005E-004
2374.2281269099999 0.99754762573037614 1.00000000000000005E-004
2374.2384223499998 0.99730900332780836 1.00000000000000005E-004
2374.2487178400002 0.99703343344683548 1.00000000000000005E-004
2374.2590133799999 0.99671278732110014 1.00000000000000005E-004
2374.2693089499999 0.99633654101760671 1.00000000000000005E-004
2374.2796045800001 0.99589086167628704 1.00000000000000005E-004
2374.2899002499998 0.99535725294292843 1.00000000000000005E-004
2374.3001959600001 0.99471048950091290 1.00000000000000005E-004
2374.3104917100000 0.99391536789113843 1.00000000000000005E-004
2374.3207875200001 0.99292140082284053 1.00000000000000005E-004
2374.3310833599999 0.99165367906736723 1.00000000000000005E-004
2374.3413792500000 0.98999487570861922 1.00000000000000005E-004
2374.3516751900002 0.98772741353772342 1.00000000000000005E-004
2374.3619711699998 0.98417621764177854 1.00000000000000005E-004
2374.3722671900000 0.97602219452568451 1.00000000000000005E-004
2374.3825632600001 0.94903602421444822 1.00000000000000005E-004
2374.3928593800001 0.86578159519192244 1.00000000000000005E-004
2374.4031555299998 0.68304069786477717 1.00000000000000005E-004
2374.4134517399998 0.42207704342900870 1.00000000000000005E-004
2374.4237479899998 0.18713965280422579 1.00000000000000005E-004
2374.4340442799999 5.58287491960966775E-002 1.00000000000000005E-004
2374.4443406199998 1.07317836263237289E-002 1.00000000000000005E-004
2374.4546369999998 1.37067733634139554E-003 1.00000000000000005E-004
2374.4649334199999 1.22913899269785931E-003 1.00000000000000005E-004
2374.4752299000002 9.69032909582802013E-003 1.00000000000000005E-004
2374.4855264100001 5.16670844978875873E-002 1.00000000000000005E-004
2374.4958229700001 0.17718385542759227 1.00000000000000005E-004
2374.5061195799999 0.40767925543109862 1.00000000000000005E-004
2374.5164162299998 0.67029107373731345 1.00000000000000005E-004
2374.5267129200001 0.85870747276372394 1.00000000000000005E-004
2374.5370096600000 0.94643271704219245 1.00000000000000005E-004
2374.5473064399998 0.97526380527911549 1.00000000000000005E-004
2374.5576032700001 0.98390869567115624 1.00000000000000005E-004
2374.5679001499998 0.98757781133605438 1.00000000000000005E-004
2374.5781970600001 0.98988943955856168 1.00000000000000005E-004
2374.5884940300002 0.99157425756586726 1.00000000000000005E-004
2374.5987910300000 0.99285972330265071 1.00000000000000005E-004
2374.6090880800002 0.99386638711329767 1.00000000000000005E-004
2374.6193851799999 0.99467087239882124 1.00000000000000005E-004
2374.6296823200000 0.99532470949698204 1.00000000000000005E-004
2374.6399795100001 0.99586377058379572 1.00000000000000005E-004
2374.6502767400002 0.99631372594621193 1.00000000000000005E-004
2374.6605740099999 0.99669337655573786 1.00000000000000005E-004
2374.6708713300000 0.99701676893578395 1.00000000000000005E-004
2374.6811686999999 0.99729458029617846 1.00000000000000005E-004
2374.6914661100000 0.99753505126319242 1.00000000000000005E-004
2374.7017635600000 0.99774462876400383 1.00000000000000005E-004
2374.7120610600000 0.99792841780056374 1.00000000000000005E-004
2374.7223586000000 0.99809050498282370 1.00000000000000005E-004
2374.7326561899999 0.99823419424596560 1.00000000000000005E-004
2374.7429538199999 0.99836218094974782 1.00000000000000005E-004
2374.7532514999998 0.99847668219380159 1.00000000000000005E-004
2374.7635492200002 0.99857953554696266 1.00000000000000005E-004
2374.7738469800001 0.99867227478668819 1.00000000000000005E-004
2374.7841447900000 0.99875618846876613 1.00000000000000005E-004
2374.7944426499998 0.99883236556423249 1.00000000000000005E-004
2374.8047405500001 0.99890173155468498 1.00000000000000005E-004
2374.8150384900000 0.99896507720577299 1.00000000000000005E-004
2374.8253364799998 0.99902308149779762 1.00000000000000005E-004
2374.8356345200000 0.99907633003686902 1.00000000000000005E-004
2374.8459326000002 0.99912533008724391 1.00000000000000005E-004
2374.8562307200000 0.99917052291256203 1.00000000000000005E-004
2374.8665288900002 0.99921229383313515 1.00000000000000005E-004
2374.8768270999999 0.99925098051445527 1.00000000000000005E-004
2374.8871253600000 0.99928687989108445 1.00000000000000005E-004
2374.8974236600002 0.99932025393713320 1.00000000000000005E-004
2374.9077220099998 0.99935133449896829 1.00000000000000005E-004
2374.9180203999999 0.99938032735974791 1.00000000000000005E-004
2374.9283188300001 0.99940741570315761 1.00000000000000005E-004
2374.9386173100002 0.99943276303823370 1.00000000000000005E-004
2374.9489158400002 0.99945651565237914 1.00000000000000005E-004
2374.9592144100002 0.99947880474634665 1.00000000000000005E-004
2374.9695130199998 0.99949974829703225 1.00000000000000005E-004
2374.9798116799998 0.99951945262759523 1.00000000000000005E-004
2374.9901103900002 0.99953801373640416 1.00000000000000005E-004
2375.0004091400001 0.99955551847878366 1.00000000000000005E-004
2375.0107079300001 0.99957204563303959 1.00000000000000005E-004
2375.0210067700000 0.99958766706955937 1.00000000000000005E-004
2375.0313056499999 0.99960245116937296 1.00000000000000005E-004
2375.0416045799998 0.99961647547432808 1.00000000000000005E-004
2375.0519035500001 0.99962984411188704 1.00000000000000005E-004
2375.0622025700000 0.99964265227070825 1.00000000000000005E-004
2375.0725016299998 0.99965488754076237 1.00000000000000005E-004
2375.0828007300001 0.99966645611513238 1.00000000000000005E-004
2375.0930998800000 0.99967734566484556 1.00000000000000005E-004
2375.1033990800001 0.99968764392443721 1.00000000000000005E-004
2375.1136983199999 0.99969743626555785 1.00000000000000005E-004
2375.1239976000002 0.99970677148125298 1.00000000000000005E-004
2375.1342969299999 0.99971568054558446 1.00000000000000005E-004
2375.1445963100000 0.99972418931028240 1.00000000000000005E-004
2375.1548957199998 0.99973232143320390 1.00000000000000005E-004
2375.1651951899998 0.99974009883937487 1.00000000000000005E-004
2375.1754946900001 0.99974754187817616 1.00000000000000005E-004
2375.1857942500001 0.99975466945894742 1.00000000000000005E-004
2375.1960938399998 0.99976149917192780 1.00000000000000005E-004
2375.2063934900002 0.99976804739700287 1.00000000000000005E-004
2375.2166931699999 0.99977432940133859 1.00000000000000005E-004
2375.2269928999999 0.99978035943415799 1.00000000000000005E-004
2375.2372926799999 0.99978615080297029 1.00000000000000005E-004
2375.2475924999999 0.99979171594232763 1.00000000000000005E-004
2375.2578923599999 0.99979706649046196 1.00000000000000005E-004
2375.2681922699999 0.99980221335009489 1.00000000000000005E-004
2375.2784922300002 0.99980716673636050 1.00000000000000005E-004
2375.2887922300001 0.99981193622808240 1.00000000000000005E-004
2375.2990922700001 0.99981653082121091 1.00000000000000005E-004
2375.3093923599999 0.99982095896993672 1.00000000000000005E-004
2375.3196924899999 0.99982522862217604 1.00000000000000005E-004
2375.3299926700001 0.99982934725645012 1.00000000000000005E-004
2375.3402928900000 0.99983332191512819 1.00000000000000005E-004
2375.3505931599998 0.99983715923468175 1.00000000000000005E-004
2375.3608934700001 0.99984086547342099 1.00000000000000005E-004
2375.3711938299998 0.99984444653710292 1.00000000000000005E-004
2375.3814942300000 0.99984790800246159 1.00000000000000005E-004
2375.3917946800002 0.99985125513873530 1.00000000000000005E-004
2375.4020951699999 0.99985449292701756 1.00000000000000005E-004
2375.4123957000002 0.99985762608098261 1.00000000000000005E-004
2375.4226962799999 0.99986065906399091 1.00000000000000005E-004
2375.4329969000000 0.99986359610317133 1.00000000000000005E-004
2375.4432975700001 0.99986644120559387 1.00000000000000005E-004
2375.4535982900002 0.99986919817009567 1.00000000000000005E-004
2375.4638990499998 0.99987187059952698 1.00000000000000005E-004
2375.4741998499999 0.99987446191615514 1.00000000000000005E-004
2375.4845006999999 0.99987697537183928 1.00000000000000005E-004
2375.4948015900000 0.99987941405625724 1.00000000000000005E-004
2375.5051025299999 0.99988178090691560 1.00000000000000005E-004
2375.5154035099999 0.99988407871789764 1.00000000000000005E-004
2375.5257045300000 0.99988631015016172 1.00000000000000005E-004
2375.5360056099998 0.99988847773753387 1.00000000000000005E-004
2375.5463067199998 0.99989058389218355 1.00000000000000005E-004
2375.5566078799998 0.99989263091521530 1.00000000000000005E-004
2375.5669090900001 0.99989462100099002 1.00000000000000005E-004
2375.5772103400000 0.99989655624113172 1.00000000000000005E-004
2375.5875116299999 0.99989843863312089 1.00000000000000005E-004
2375.5978129700002 0.99990027008508842 1.00000000000000005E-004
2375.6081143500001 0.99990205241939945 1.00000000000000005E-004
2375.6184157799999 0.99990378737789887 1.00000000000000005E-004
2375.6287172600000 0.99990547662479623 1.00000000000000005E-004
2375.6390187699999 0.99990712175183449 1.00000000000000005E-004
2375.6493203400000 0.99990872428300992 1.00000000000000005E-004
2375.6596219399999 0.99991028567632190 1.00000000000000005E-004
2375.6699235900001 0.99991180732878537 1.00000000000000005E-004
2375.6802252900002 0.99991329057861089 1.00000000000000005E-004
2375.6905270299999 0.99991473670719777 1.00000000000000005E-004
2375.7008288200000 0.99991614694315378 1.00000000000000005E-004
2375.7111306500001 0.99991752246434540 1.00000000000000005E-004
2375.7214325199998 0.99991886440129674 1.00000000000000005E-004
2375.7317344399999 0.99992017383972598 1.00000000000000005E-004
2375.7420364099999 0.99992145182089021 1.00000000000000005E-004
2375.7523384199999 0.99992269934375710 1.00000000000000005E-004
2375.7626404700000 0.99992391736874320 1.00000000000000005E-004
2375.7729425699999 0.99992510681922198 1.00000000000000005E-004
2375.7832447100000 0.99992626858235278 1.00000000000000005E-004
2375.7935468999999 0.99992740351102616 1.00000000000000005E-004
2375.8038491299999 0.99992851242553238 1.00000000000000005E-004
2375.8141514099998 0.99992959611506826 1.00000000000000005E-004
2375.8244537300002 0.99993065533913106 1.00000000000000005E-004
2375.8347561000000 0.99993169082885691 1.00000000000000005E-004
2375.8450585099999 0.99993270328827011 1.00000000000000005E-004
2375.8553609700002 0.99993369339539351 1.00000000000000005E-004
2375.8656634700001 0.99993466180318036 1.00000000000000005E-004
2375.8759660100000 0.99993560914131796 1.00000000000000005E-004
2375.8862686000002 0.99993653601742738 1.00000000000000005E-004
2375.8965712400000 0.99993744301672194 1.00000000000000005E-004
2375.9068739200002 0.99993833070299309 1.00000000000000005E-004
2375.9171766400000 0.99993919962075106 1.00000000000000005E-004
2375.9274794100002 0.99994005029582000 1.00000000000000005E-004
2375.9377822199999 0.99994088323548280 1.00000000000000005E-004
2375.9480850800001 0.99994169892943419 1.00000000000000005E-004
2375.9583879800002 0.99994249785058464 1.00000000000000005E-004
2375.9686909299999 0.99994328045576308 1.00000000000000005E-004
2375.9789939200000 0.99994404718634233 1.00000000000000005E-004
2375.9892969600000 0.99994479846882001 1.00000000000000005E-004
2375.9996000400001 0.99994553471529357 1.00000000000000005E-004
2376.0099031599998 0.99994625632467316 1.00000000000000005E-004
2376.0202063400002 0.99994696368268055 1.00000000000000005E-004
2376.0305095499998 0.99994765716180156 1.00000000000000005E-004
2376.0408128099998 0.99994833712304443 1.00000000000000005E-004
2376.0511161200002 0.99994900391627795 1.00000000000000005E-004
2376.0614194700001 0.99994965789622481 1.00000000000000005E-004
2376.0717228600001 0.99995029970990534 1.00000000000000005E-004
2376.0820263000001 0.99995093298288795 1.00000000000000005E-004
2376.0923297800000 0.99995157648603883 1.00000000000000005E-004
2376.1026333099999 0.99995228152640037 1.00000000000000005E-004
2376.1129368799998 0.99995309620996264 1.00000000000000005E-004
2376.1232405000001 0.99995396480894538 1.00000000000000005E-004
2376.1335441599999 0.99995475131589184 1.00000000000000005E-004
2376.1438478700002 0.99995540263750626 1.00000000000000005E-004
2376.1541516200000 0.99995596939293629 1.00000000000000005E-004
2376.1644554200002 0.99995650395947555 1.00000000000000005E-004
2376.1747592600000 0.99995702530460373 1.00000000000000005E-004
2376.1850631399998 0.99995753700084367 1.00000000000000005E-004
2376.1953670700000 0.99995803959182483 1.00000000000000005E-004
2376.2056710500001 0.99995853330885320 1.00000000000000005E-004
2376.2159750699998 0.99995901835980161 1.00000000000000005E-004
2376.2262791300000 0.99995949494635028 1.00000000000000005E-004
2376.2365832400001 0.99995996326465431 1.00000000000000005E-004
2376.2468874000001 0.99996042350477909 1.00000000000000005E-004
2376.2571915899998 0.99996087585131521 1.00000000000000005E-004
2376.2674958399998 0.99996132048390551 1.00000000000000005E-004
2376.2778001199999 0.99996175757701455 1.00000000000000005E-004
2376.2881044599999 0.99996218730017672 1.00000000000000005E-004
2376.2984088300000 0.99996260981817653 1.00000000000000005E-004
2376.3087132599999 0.99996302529119785 1.00000000000000005E-004
2376.3190177199999 0.99996343387490472 1.00000000000000005E-004
2376.3293222299999 0.99996383572094916 1.00000000000000005E-004
2376.3396267899998 0.99996423097680165 1.00000000000000005E-004
2376.3499313900002 0.99996461978554274 1.00000000000000005E-004
2376.3602360300001 0.99996500228664875 1.00000000000000005E-004
2376.3705407200000 0.99996537861611923 1.00000000000000005E-004
2376.3808454599998 0.99996574890604428 1.00000000000000005E-004
2376.3911502400001 0.99996611328472729 1.00000000000000005E-004
2376.4014550600000 0.99996647187731513 1.00000000000000005E-004
2376.4117599299998 0.99996682480581822 1.00000000000000005E-004
2376.4220648400001 0.99996717218897035 1.00000000000000005E-004
2376.4323697999998 0.99996751414245866 1.00000000000000005E-004
2376.4426748100000 1.0000000000000000 1.00000000000000005E-004
2376.4529798499998 1.0000000000000000 1.00000000000000005E-004
2376.4632849400000 1.0000000000000000 1.00000000000000005E-004
2376.4735900800001 1.0000000000000000 1.00000000000000005E-004
2376.4838952599998 1.0000000000000000 1.00000000000000005E-004
2376.4942004899999 1.0000000000000000 1.00000000000000005E-004
2376.5045057600000 1.0000000000000000 1.00000000000000005E-004
2376.5148110700002 1.0000000000000000 1.00000000000000005E-004
2376.5251164400001 1.0000000000000000 1.00000000000000005E-004
2376.5354218399998 1.0000000000000000 1.00000000000000005E-004
2376.5457272899998 1.0000000000000000 1.00000000000000005E-004
2376.5560327799999 1.0000000000000000 1.00000000000000005E-004
2376.5663383199999 1.0000000000000000 1.00000000000000005E-004
2376.5766439099998 1.0000000000000000 1.00000000000000005E-004
2376.5869495299999 1.0000000000000000 1.00000000000000005E-004
2376.5972552100002 1.0000000000000000 1.00000000000000005E-004
2376.6075609300001 1.0000000000000000 1.00000000000000005E-004
2376.6178666900000 1.0000000000000000 1.00000000000000005E-004
2376.6281724900000 1.0000000000000000 1.00000000000000005E-004
2376.6384783499998 1.0000000000000000 1.00000000000000005E-004
