2365.4110672100001 1.0000000000000000 1.00000000000000005E-004
2365.4213244200000 1.0000000000000000 1.00000000000000005E-004
2365.4315816799999 1.0000000000000000 1.00000000000000005E-004
2365.4418389799998 1.0000000000000000 1.00000000000000005E-004
2365.4520963199998 1.0000000000000000 1.00000000000000005E-004
2365.4623537100001 1.0000000000000000 1.00000000000000005E-004
2365.4726111499999 1.0000000000000000 1.00000000000000005E-004
2365.4828686199999 1.0000000000000000 1.00000000000000005E-004
2365.4931261400002 1.0000000000000000 1.00000000000000005E-004
2365.5033837100000 1.0000000000000000 1.00000000000000005E-004
2365.5136413199998 1.0000000000000000 1.00000000000000005E-004
2365.5238989800000 1.0000000000000000 1.00000000000000005E-004
2365.5341566799998 1.0000000000000000 1.00000000000000005E-004
2365.5444144200001 1.0000000000000000 1.00000000000000005E-004
2365.5546722099998 1.0000000000000000 1.00000000000000005E-004
2365.5649300400000 1.0000000000000000 1.00000000000000005E-004
2365.5751879200002 1.0000000000000000 1.00000000000000005E-004
2365.5854458399999 1.0000000000000000 1.00000000000000005E-004
2365.5957038100000 1.0000000000000000 1.00000000000000005E-004
2365.6059618200002 1.0000000000000000 1.00000000000000005E-004
2365.6162198799998 1.0000000000000000 1.00000000000000005E-004
2365.6264779799999 1.0000000000000000 1.00000000000000005E-004
2365.6367361200000 1.0000000000000000 1.00000000000000005E-004
2365.6469943100001 1.0000000000000000 1.00000000000000005E-004
2365.6572525500001 1.0000000000000000 1.00000000000000005E-004
2365.6675108200002 1.0000000000000000 1.00000000000000005E-004
2365.6777691500001 1.0000000000000000 1.00000000000000005E-004
2365.6880275100002 1.0000000000000000 1.00000000000000005E-004
2365.6982859300001 1.0000000000000000 1.00000000000000005E-004
2365.7085443800001 1.0000000000000000 1.00000000000000005E-004
2365.7188028800001 1.0000000000000000 1.00000000000000005E-004
2365.7290614300000 1.0000000000000000 1.00000000000000005E-004
2365.7393200199999 1.0000000000000000 1.00000000000000005E-004
2365.7495786499999 1.0000000000000000 1.00000000000000005E-004
2365.7598373300002 1.0000000000000000 1.00000000000000005E-004
2365.7700960500001 1.0000000000000000 1.00000000000000005E-004
2365.7803548200000 1.0000000000000000 1.00000000000000005E-004
2365.7906136299998 1.0000000000000000 1.00000000000000005E-004
2365.8008724900001 1.0000000000000000 1.00000000000000005E-004
2365.8111313899999 1.0000000000000000 1.00000000000000005E-004
2365.8213903300002 1.0000000000000000 1.00000000000000005E-004
2365.8316493200000 1.0000000000000000 1.00000000000000005E-004
2365.8419083600002 1.0000000000000000 1.00000000000000005E-004
2365.8521674399999 1.0000000000000000 1.00000000000000005E-004
2365.8624265600001 1.0000000000000000 1.00000000000000005E-004
2365.8726857299998 1.0000000000000000 1.00000000000000005E-004
2365.8829449400000 1.0000000000000000 1.00000000000000005E-004
2365.8932042000001 1.0000000000000000 1.00000000000000005E-004
2365.9034634999998 1.0000000000000000 1.00000000000000005E-004
2365.9137228499999 1.0000000000000000 1.00000000000000005E-004
2365.9239822400000 1.0000000000000000 1.00000000000000005E-004
2365.9342416700001 1.0000000000000000 1.00000000000000005E-004
2365.9445011500002 1.0000000000000000 1.00000000000000005E-004
2365.9547606699998 1.0000000000000000 1.00000000000000005E-004
2365.9650202399998 1.0000000000000000 1.00000000000000005E-004
2365.9752798499999 1.0000000000000000 1.00000000000000005E-004
2365.9855395099999 1.0000000000000000 1.00000000000000005E-004
2365.9957992099999 1.0000000000000000 1.00000000000000005E-004
2366.0060589599998 1.0000000000000000 1.00000000000000005E-004
2366.0163187500002 1.0000000000000000 1.00000000000000005E-004
2366.0265785900001 1.0000000000000000 1.00000000000000005E-004
2366.0368384700000 1.0000000000000000 1.00000000000000005E-004
2366.0470983900000 1.0000000000000000 1.00000000000000005E-004
2366.0573583599999 1.0000000000000000 1.00000000000000005E-004
2366.0676183700002 1.0000000000000000 1.00000000000000005E-004
2366.0778784300001 1.0000000000000000 1.00000000000000005E-004
2366.0881385299999 1.0000000000000000 1.00000000000000005E-004
2366.0983986800002 1.0000000000000000 1.00000000000000005E-004
2366.1086588700000 1.0000000000000000 1.00000000000000005E-004
2366.1189190999999 1.0000000000000000 1.00000000000000005E-004
2366.1291793900000 1.0000000000000000 1.00000000000000005E-004
2366.1394397099998 1.0000000000000000 1.00000000000000005E-004
2366.1497000800000 1.0000000000000000 1.00000000000000005E-004
2366.1599604899998 1.0000000000000000 1.00000000000000005E-004
2366.1702209499999 1.0000000000000000 1.00000000000000005E-004
2366.1804814500001 1.0000000000000000 1.00000000000000005E-004
2366.1907419999998 1.0000000000000000 1.00000000000000005E-004
2366.2010025899999 1.0000000000000000 1.00000000000000005E-004
2366.2112632300000 1.0000000000000000 1.00000000000000005E-004
2366.2215239100001 1.0000000000000000 1.00000000000000005E-004
2366.2317846300002 1.0000000000000000 1.00000000000000005E-004
2366.2420453999998 1.0000000000000000 1.00000000000000005E-004
2366.2523062199998 1.0000000000000000 1.00000000000000005E-004
2366.2625670799998 1.0000000000000000 1.00000000000000005E-004
2366.2728279799999 1.0000000000000000 1.00000000000000005E-004
2366.2830889299998 1.0000000000000000 1.00000000000000005E-004
2366.2933499199999 1.0000000000000000 1.00000000000000005E-004
2366.3036109499999 1.0000000000000000 1.00000000000000005E-004
2366.3138720400002 1.0000000000000000 1.00000000000000005E-004
2366.3241331600002 1.0000000000000000 1.00000000000000005E-004
2366.3343943300001 1.0000000000000000 1.00000000000000005E-004
2366.3446555500000 1.0000000000000000 1.00000000000000005E-004
2366.3549168000000 1.0000000000000000 1.00000000000000005E-004
2366.3651781100002 1.0000000000000000 1.00000000000000005E-004
2366.3754394600001 1.0000000000000000 1.00000000000000005E-004
2366.3857008499999 1.0000000000000000 1.00000000000000005E-004
2366.3959622900002 1.0000000000000000 1.00000000000000005E-004
2366.4062237700000 1.0000000000000000 1.00000000000000005E-004
2366.4164852899999 1.0000000000000000 1.00000000000000005E-004
2366.4267468600001 1.0000000000000000 1.00000000000000005E-004
2366.4370084799998 1.0000000000000000 1.00000000000000005E-004
2366.4472701400000 1.0000000000000000 1.00000000000000005E-004
2366.4575318399998 1.0000000000000000 1.00000000000000005E-004
2366.4677935899999 1.0000000000000000 1.00000000000000005E-004
2366.4780553800001 1.0000000000000000 1.00000000000000005E-004
2366.4883172200002 1.0000000000000000 1.00000000000000005E-004
2366.4985790999999 1.0000000000000000 1.00000000000000005E-004
2366.5088410300000 1.0000000000000000 1.00000000000000005E-004
2366.5191030000001 1.0000000000000000 1.00000000000000005E-004
2366.5293650200001 1.0000000000000000 1.00000000000000005E-004
2366.5396270800002 1.0000000000000000 1.00000000000000005E-004
2366.5498891799998 1.0000000000000000 1.00000000000000005E-004
2366.5601513299998 1.0000000000000000 1.00000000000000005E-004
2366.5704135199999 1.0000000000000000 1.00000000000000005E-004
2366.5806757599998 1.0000000000000000 1.00000000000000005E-004
2366.5909380399999 1.0000000000000000 1.00000000000000005E-004
2366.6012003699998 1.0000000000000000 1.00000000000000005E-004
2366.6114627400002 1.0000000000000000 1.00000000000000005E-004
2366.6217251600001 1.0000000000000000 1.00000000000000005E-004
2366.6319876200000 1.0000000000000000 1.00000000000000005E-004
2366.6422501200000 1.0000000000000000 1.00000000000000005E-004
2366.6525126699999 1.0000000000000000 1.00000000000000005E-004
2366.6627752700001 1.0000000000000000 1.00000000000000005E-004
2366.6730379000001 1.0000000000000000 1.00000000000000005E-004
2366.6833005899998 1.0000000000000000 1.00000000000000005E-004
2366.6935633100002 1.0000000000000000 1.00000000000000005E-004
2366.7038260899999 1.0000000000000000 1.00000000000000005E-004
2366.7140889000002 1.0000000000000000 1.00000000000000005E-004
2366.7243517600000 1.0000000000000000 1.00000000000000005E-004
2366.7346146700002 1.0000000000000000 1.00000000000000005E-004
2366.7448776199999 1.0000000000000000 1.00000000000000005E-004
2366.7551406100001 1.0000000000000000 1.00000000000000005E-004
2366.7654036499998 1.0000000000000000 1.00000000000000005E-004
2366.7756667399999 1.0000000000000000 1.00000000000000005E-004
2366.7859298600001 1.0000000000000000 1.00000000000000005E-004
2366.7961930400002 1.0000000000000000 1.00000000000000005E-004
2366.8064562499999 1.0000000000000000 1.00000000000000005E-004
2366.8167195199999 1.0000000000000000 1.00000000000000005E-004
2366.8269828200000 1.0000000000000000 1.00000000000000005E-004
2366.8372461700001 1.0000000000000000 1.00000000000000005E-004
2366.8475095700001 1.0000000000000000 1.00000000000000005E-004
2366.8577730100001 1.0000000000000000 1.00000000000000005E-004
2366.8680364900001 1.0000000000000000 1.00000000000000005E-004
2366.8783000200001 1.0000000000000000 1.00000000000000005E-004
2366.8885635900001 1.0000000000000000 1.00000000000000005E-004
2366.8988272100000 1.0000000000000000 1.00000000000000005E-004
2366.9090908700000 1.0000000000000000 1.00000000000000005E-004
2366.9193545799999 1.0000000000000000 1.00000000000000005E-004
2366.9296183299998 1.0000000000000000 1.00000000000000005E-004
2366.9398821200002 1.0000000000000000 1.00000000000000005E-004
2366.9501459600001 1.0000000000000000 1.00000000000000005E-004
2366.9604098499999 1.0000000000000000 1.00000000000000005E-004
2366.9706737800002 1.0000000000000000 1.00000000000000005E-004
2366.9809377500001 1.0000000000000000 1.00000000000000005E-004
2366.9912017699999 1.0000000000000000 1.00000000000000005E-004
2367.0014658300001 1.0000000000000000 1.00000000000000005E-004
2367.0117299399999 1.0000000000000000 1.00000000000000005E-004
2367.0219940900001 1.0000000000000000 1.00000000000000005E-004
2367.0322582899998 1.0000000000000000 1.00000000000000005E-004
2367.0425225300000 1.0000000000000000 1.00000000000000005E-004
2367.0527868099998 1.0000000000000000 1.00000000000000005E-004
2367.0630511400000 1.0000000000000000 1.00000000000000005E-004
2367.0733155200001 1.0000000000000000 1.00000000000000005E-004
2367.0835799400002 1.0000000000000000 1.00000000000000005E-004
2367.0938443999999 1.0000000000000000 1.00000000000000005E-004
2367.1041089099999 1.0000000000000000 1.00000000000000005E-004
2367.1143734600000 1.0000000000000000 1.00000000000000005E-004
2367.1246380600001 1.0000000000000000 1.00000000000000005E-004
2367.1349027000001 1.0000000000000000 1.00000000000000005E-004
2367.1451673800002 1.0000000000000000 1.00000000000000005E-004
2367.1554321100002 1.0000000000000000 1.00000000000000005E-004
2367.1656968900002 1.0000000000000000 1.00000000000000005E-004
2367.1759617100001 1.0000000000000000 1.00000000000000005E-004
2367.1862265700001 1.0000000000000000 1.00000000000000005E-004
2367.1964914800001 1.0000000000000000 1.00000000000000005E-004
2367.2067564300000 1.0000000000000000 1.00000000000000005E-004
2367.2170214299999 1.0000000000000000 1.00000000000000005E-004
2367.2272864699999 0.99999999999999156 1.00000000000000005E-004
2367.2375515600002 0.99999999999944045 1.00000000000000005E-004
2367.2478166900000 0.99999999998073019 1.00000000000000005E-004
2367.2580818599999 0.99999999961486452 1.00000000000000005E-004
2367.2683470799998 0.99999999547352336 1.00000000000000005E-004
2367.2786123500000 0.99999996818157577 1.00000000000000005E-004
2367.2888776599998 0.99999986277114905 1.00000000000000005E-004
2367.2991430100001 0.99999962194399850 1.00000000000000005E-004
2367.3094084099998 0.99999929050008485 1.00000000000000005E-004
2367.3196738500001 0.99999900147694210 1.00000000000000005E-004
2367.3299393399998 0.99999881424473402 1.00000000000000005E-004
2367.3402048700000 0.99999868479074783 1.00000000000000005E-004
2367.3504704500001 0.99999856257853248 1.00000000000000005E-004
2367.3607360699998 0.99999842711495013 1.00000000000000005E-004
2367.3710017300000 0.99999827181531520 1.00000000000000005E-004
2367.3812674400001 0.99999809210011581 1.00000000000000005E-004
2367.3915331899998 0.99999788247960031 1.00000000000000005E-004
2367.4017989899999 0.99999763583487256 1.00000000000000005E-004
2367.4120648399999 0.99999734276024743 1.00000000000000005E-004
2367.4223307200000 0.99999699060187053 1.00000000000000005E-004
2367.4325966599999 0.99999656197848441 1.00000000000000005E-004
2367.4428626300000 0.99999603242698110 1.00000000000000005E-004
2367.4531286500001 0.99999536648300813 1.00000000000000005E-004
2367.4633947200000 0.99999451051679356 1.00000000000000005E-004
2367.4736608300000 0.99999337477437544 1.00000000000000005E-004
2367.4839269800000 0.99999174511338496 1.00000000000000005E-004
2367.4941931799999 0.99998854361448652 1.00000000000000005E-004
2367.5044594300002 0.99997534992012194 1.00000000000000005E-004
2367.5147257200001 0.99989184316649637 1.00000000000000005E-004
2367.5249920500000 0.99940990750798298 1.00000000000000005E-004
2367.5352584299999 0.99725364705627229 1.00000000000000005E-004
2367.5455248500002 0.99006484922534277 1.00000000000000005E-004
2367.5557913100001 0.97256436666965873 1.00000000000000005E-004
2367.5660578299999 0.94230974815416424 1.00000000000000005E-004
2367.5763243800002 0.90749947294563638 1.00000000000000005E-004
2367.5865909800000 0.88667154207066790 1.00000000000000005E-004
2367.5968576199998 0.89378086984513050 1.00000000000000005E-004
2367.6071243100000 0.92386928293197768 1.00000000000000005E-004
2367.6173910500002 0.95834712844281578 1.00000000000000005E-004
2367.6276578299999 0.98263843357520964 1.00000000000000005E-004
2367.6379246500001 0.99448776631487978 1.00000000000000005E-004
2367.6481915099998 0.99865715813346168 1.00000000000000005E-004
2367.6584584299999 0.99973873173818750 1.00000000000000005E-004
2367.6687253800001 0.99995067055279319 1.00000000000000005E-004
2367.6789923800002 0.99998446594279189 1.00000000000000005E-004
2367.6892594300002 0.99999046237395317 1.00000000000000005E-004
2367.6995265199998 0.99999260291267411 1.00000000000000005E-004
2367.7097936499999 0.99999394965765920 1.00000000000000005E-004
2367.7200608300000 0.99999493870370226 1.00000000000000005E-004
2367.7303280500000 0.99999569744332473 1.00000000000000005E-004
2367.7405953200000 0.99999629425720071 1.00000000000000005E-004
2367.7508626300000 0.99999677298523260 1.00000000000000005E-004
2367.7611299900000 0.99999716331046362 1.00000000000000005E-004
2367.7713973899999 0.99999748601245197 1.00000000000000005E-004
2367.7816648399998 0.99999775603215890 1.00000000000000005E-004
2367.7919323299998 0.99999798435745069 1.00000000000000005E-004
2367.8021998600002 0.99999817922742229 1.00000000000000005E-004
2367.8124674400001 0.99999834692799283 1.00000000000000005E-004
2367.8227350699999 0.99999849239076333 1.00000000000000005E-004
2367.8330027299999 0.99999862040056942 1.00000000000000005E-004
2367.8432704500001 0.99999874156444346 1.00000000000000005E-004
2367.8535382000000 0.99999888923526126 1.00000000000000005E-004
2367.8638060100002 0.99999912128219937 1.00000000000000005E-004
2367.8740738500001 0.99999944450858569 1.00000000000000005E-004
2367.8843417399999 0.99999974891380028 1.00000000000000005E-004
2367.8946096800000 0.99999992518689385 1.00000000000000005E-004
2367.9048776599998 0.99999998605214746 1.00000000000000005E-004
2367.9151456800000 0.99999999842505172 1.00000000000000005E-004
2367.9254137500002 0.99999999989452981 1.00000000000000005E-004
2367.9356818699998 0.99999999999587108 1.00000000000000005E-004
2367.9459500299999 0.99999999999990752 1.00000000000000005E-004
2367.9562182300001 0.99999999999999933 1.00000000000000005E-004
2367.9664864800002 1.0000000000000000 1.00000000000000005E-004
2367.9767547699998 1.0000000000000000 1.00000000000000005E-004
2367.9870231000000 1.0000000000000000 1.00000000000000005E-004
2367.9972914800001 1.0000000000000000 1.00000000000000005E-004
2368.0075599100001 1.0000000000000000 1.00000000000000005E-004
2368.0178283800001 1.0000000000000000 1.00000000000000005E-004
2368.0280968900001 1.0000000000000000 1.00000000000000005E-004
2368.0383654500001 1.0000000000000000 1.00000000000000005E-004
2368.0486340600000 1.0000000000000000 1.00000000000000005E-004
2368.0589027000001 1.0000000000000000 1.00000000000000005E-004
2368.0691714000000 1.0000000000000000 1.00000000000000005E-004
2368.0794401300000 1.0000000000000000 1.00000000000000005E-004
2368.0897089199998 1.0000000000000000 1.00000000000000005E-004
2368.0999777400002 1.0000000000000000 1.00000000000000005E-004
2368.1102466100001 1.0000000000000000 1.00000000000000005E-004
2368.1205155299999 1.0000000000000000 1.00000000000000005E-004
2368.1307844900002 1.0000000000000000 1.00000000000000005E-004
2368.1410534900001 1.0000000000000000 1.00000000000000005E-004
2368.1513225399999 1.0000000000000000 1.00000000000000005E-004
2368.1615916300002 1.0000000000000000 1.00000000000000005E-004
2368.1718607700000 1.0000000000000000 1.00000000000000005E-004
2368.1821299500002 1.0000000000000000 1.00000000000000005E-004
2368.1923991799999 1.0000000000000000 1.00000000000000005E-004
2368.2026684500001 1.0000000000000000 1.00000000000000005E-004
2368.2129377699998 1.0000000000000000 1.00000000000000005E-004
2368.2232071300000 1.0000000000000000 1.00000000000000005E-004
2368.2334765300002 1.0000000000000000 1.00000000000000005E-004
2368.2437459799999 1.0000000000000000 1.00000000000000005E-004
2368.2540154799999 1.0000000000000000 1.00000000000000005E-004
2368.2642850200000 1.0000000000000000 1.00000000000000005E-004
2368.2745546000001 1.0000000000000000 1.00000000000000005E-004
2368.2848242300001 1.0000000000000000 1.00000000000000005E-004
2368.2950939000002 1.0000000000000000 1.00000000000000005E-004
2368.3053636200002 1.0000000000000000 1.00000000000000005E-004
2368.3156333799998 1.0000000000000000 1.00000000000000005E-004
2368.3259031799998 1.0000000000000000 1.00000000000000005E-004
2368.3361730299998 1.0000000000000000 1.00000000000000005E-004
2368.3464429300002 1.0000000000000000 1.00000000000000005E-004
2368.3567128700001 1.0000000000000000 1.00000000000000005E-004
2368.3669828500001 1.0000000000000000 1.00000000000000005E-004
2368.3772528800000 1.0000000000000000 1.00000000000000005E-004
2368.3875229499999 1.0000000000000000 1.00000000000000005E-004
2368.3977930699998 1.0000000000000000 1.00000000000000005E-004
2368.4080632300002 1.0000000000000000 1.00000000000000005E-004
2368.4183334400000 1.0000000000000000 1.00000000000000005E-004
2368.4286036899998 1.0000000000000000 1.00000000000000005E-004
2368.4388739900000 1.0000000000000000 1.00000000000000005E-004
2368.4491443299999 1.0000000000000000 1.00000000000000005E-004
2368.4594147100001 1.0000000000000000 1.00000000000000005E-004
2368.4696851399999 1.0000000000000000 1.00000000000000005E-004
2368.4799556100002 1.0000000000000000 1.00000000000000005E-004
2368.4902261299999 1.0000000000000000 1.00000000000000005E-004
2368.5004967000000 1.0000000000000000 1.00000000000000005E-004
2368.5107673000002 1.0000000000000000 1.00000000000000005E-004
2368.5210379499999 1.0000000000000000 1.00000000000000005E-004
2368.5313086500000 1.0000000000000000 1.00000000000000005E-004
2368.5415793900002 1.0000000000000000 1.00000000000000005E-004
2368.5518501800002 1.0000000000000000 1.00000000000000005E-004
2368.5621210099998 1.0000000000000000 1.00000000000000005E-004
2368.5723918799999 1.0000000000000000 1.00000000000000005E-004
2368.5826628000000 1.0000000000000000 1.00000000000000005E-004
2368.5929337699999 1.0000000000000000 1.00000000000000005E-004
2368.6032047700000 1.0000000000000000 1.00000000000000005E-004
2368.6134758300000 1.0000000000000000 1.00000000000000005E-004
2368.6237469200000 1.0000000000000000 1.00000000000000005E-004
2368.6340180699999 1.0000000000000000 1.00000000000000005E-004
2368.6442892499999 1.0000000000000000 1.00000000000000005E-004
2368.6545604799999 1.0000000000000000 1.00000000000000005E-004
2368.6648317600002 1.0000000000000000 1.00000000000000005E-004
2368.6751030800001 1.0000000000000000 1.00000000000000005E-004
2368.6853744400000 1.0000000000000000 1.00000000000000005E-004
2368.6956458499999 1.0000000000000000 1.00000000000000005E-004
2368.7059173100001 1.0000000000000000 1.00000000000000005E-004
2368.7161888000001 1.0000000000000000 1.00000000000000005E-004
2368.7264603499998 1.0000000000000000 1.00000000000000005E-004
2368.7367319300001 1.0000000000000000 1.00000000000000005E-004
2368.7470035699998 1.0000000000000000 1.00000000000000005E-004
2368.7572752400001 1.0000000000000000 1.00000000000000005E-004
2368.7675469599999 1.0000000000000000 1.00000000000000005E-004
2368.7778187300000 1.0000000000000000 1.00000000000000005E-004
2368.7880905400002 1.0000000000000000 1.00000000000000005E-004
2368.7983623900000 1.0000000000000000 1.00000000000000005E-004
2368.8086342900001 1.0000000000000000 1.00000000000000005E-004
2368.8189062400002 1.0000000000000000 1.00000000000000005E-004
2368.8291782199999 1.0000000000000000 1.00000000000000005E-004
2368.8394502599999 1.0000000000000000 1.00000000000000005E-004
2368.8497223300001 1.0000000000000000 1.00000000000000005E-004
2368.8599944600001 1.0000000000000000 1.00000000000000005E-004
2368.8702666200002 1.0000000000000000 1.00000000000000005E-004
2368.8805388300002 1.0000000000000000 1.00000000000000005E-004
2368.8908110900002 1.0000000000000000 1.00000000000000005E-004
2368.9010833900002 1.0000000000000000 1.00000000000000005E-004
2368.9113557300002 1.0000000000000000 1.00000000000000005E-004
2368.9216281200002 1.0000000000000000 1.00000000000000005E-004
2368.9319005600000 1.0000000000000000 1.00000000000000005E-004
2368.9421730300000 1.0000000000000000 1.00000000000000005E-004
2368.9524455599999 1.0000000000000000 1.00000000000000005E-004
2368.9627181199999 1.0000000000000000 1.00000000000000005E-004
2368.9729907400001 1.0000000000000000 1.00000000000000005E-004
2368.9832633900000 1.0000000000000000 1.00000000000000005E-004
2368.9935360899999 1.0000000000000000 1.00000000000000005E-004
2369.0038088400001 1.0000000000000000 1.00000000000000005E-004
2369.0140816300000 1.0000000000000000 1.00000000000000005E-004
2369.0243544599998 1.0000000000000000 1.00000000000000005E-004
2369.0346273400000 1.0000000000000000 1.00000000000000005E-004
2369.0449002599998 1.0000000000000000 1.00000000000000005E-004
2369.0551732300000 1.0000000000000000 1.00000000000000005E-004
2369.0654462500002 1.0000000000000000 1.00000000000000005E-004
2369.0757192999999 1.0000000000000000 1.00000000000000005E-004
2369.0859924000001 1.0000000000000000 1.00000000000000005E-004
2369.0962655500002 1.0000000000000000 1.00000000000000005E-004
2369.1065387399999 1.0000000000000000 1.00000000000000005E-004
2369.1168119800000 1.0000000000000000 1.00000000000000005E-004
2369.1270852600001 1.0000000000000000 1.00000000000000005E-004
2369.1373585800002 1.0000000000000000 1.00000000000000005E-004
2369.1476319499998 1.0000000000000000 1.00000000000000005E-004
2369.1579053599999 1.0000000000000000 1.00000000000000005E-004
2369.1681788199999 1.0000000000000000 1.00000000000000005E-004
2369.1784523299998 1.0000000000000000 1.00000000000000005E-004
2369.1887258699999 1.0000000000000000 1.00000000000000005E-004
2369.1989994599999 1.0000000000000000 1.00000000000000005E-004
2369.2092730999998 1.0000000000000000 1.00000000000000005E-004
2369.2195467800002 1.0000000000000000 1.00000000000000005E-004
2369.2298205100001 1.0000000000000000 1.00000000000000005E-004
2369.2400942800000 1.0000000000000000 1.00000000000000005E-004
2369.2503680899999 1.0000000000000000 1.00000000000000005E-004
2369.2606419499998 1.0000000000000000 1.00000000000000005E-004
2369.2709158500002 1.0000000000000000 1.00000000000000005E-004
2369.2811898000000 1.0000000000000000 1.00000000000000005E-004
2369.2914638000002 1.0000000000000000 1.00000000000000005E-004
2369.3017378300001 1.0000000000000000 1.00000000000000005E-004
2369.3120119099999 1.0000000000000000 1.00000000000000005E-004
2369.3222860400001 1.0000000000000000 1.00000000000000005E-004
2369.3325602099999 1.0000000000000000 1.00000000000000005E-004
2369.3428344300000 1.0000000000000000 1.00000000000000005E-004
2369.3531086900002 1.0000000000000000 1.00000000000000005E-004
2369.3633829900000 1.0000000000000000 1.00000000000000005E-004
2369.3736573400001 1.0000000000000000 1.00000000000000005E-004
2369.3839317400002 1.0000000000000000 1.00000000000000005E-004
2369.3942061700000 1.0000000000000000 1.00000000000000005E-004
2369.4044806600000 1.0000000000000000 1.00000000000000005E-004
2369.4147551800002 1.0000000000000000 1.00000000000000005E-004
2369.4250297600001 1.0000000000000000 1.00000000000000005E-004
2369.4353043699998 1.0000000000000000 1.00000000000000005E-004
2369.4455790299999 1.0000000000000000 1.00000000000000005E-004
2369.4558537399998 1.0000000000000000 1.00000000000000005E-004
2369.4661284899998 1.0000000000000000 1.00000000000000005E-004
2369.4764032799999 1.0000000000000000 1.00000000000000005E-004
2369.4866781199999 1.0000000000000000 1.00000000000000005E-004
2369.4969530100002 1.0000000000000000 1.00000000000000005E-004
2369.5072279400001 1.0000000000000000 1.00000000000000005E-004
2369.5175029100001 1.0000000000000000 1.00000000000000005E-004
2369.5277779300000 1.0000000000000000 1.00000000000000005E-004
2369.5380529899999 1.0000000000000000 1.00000000000000005E-004
2369.5483280899998 1.0000000000000000 1.00000000000000005E-004
2369.5586032500000 1.0000000000000000 1.00000000000000005E-004
2369.5688784399999 1.0000000000000000 1.00000000000000005E-004
2369.5791536800002 1.0000000000000000 1.00000000000000005E-004
2369.5894289700000 1.0000000000000000 1.00000000000000005E-004
2369.5997043000002 1.0000000000000000 1.00000000000000005E-004
2369.6099796700000 1.0000000000000000 1.00000000000000005E-004
2369.6202550899998 1.0000000000000000 1.00000000000000005E-004
2369.6305305500000 1.0000000000000000 1.00000000000000005E-004
2369.6408060600002 1.0000000000000000 1.00000000000000005E-004
2369.6510816099999 1.0000000000000000 1.00000000000000005E-004
2369.6613572100000 1.0000000000000000 1.00000000000000005E-004
2369.6716328500002 1.0000000000000000 1.00000000000000005E-004
2369.6819085400002 1.0000000000000000 1.00000000000000005E-004
2369.6921842699999 1.0000000000000000 1.00000000000000005E-004
2369.7024600400000 1.0000000000000000 1.00000000000000005E-004
2369.7127358600001 1.0000000000000000 1.00000000000000005E-004
2369.7230117200002 1.0000000000000000 1.00000000000000005E-004
2369.7332876300002 1.0000000000000000 1.00000000000000005E-004
2369.7435635900001 1.0000000000000000 1.00000000000000005E-004
2369.7538395800002 1.0000000000000000 1.00000000000000005E-004
2369.7641156300001 1.0000000000000000 1.00000000000000005E-004
