2380.5785846899998 1.0000000000000000 1.00000000000000005E-004
2380.5889076700000 1.0000000000000000 1.00000000000000005E-004
2380.5992307000001 1.0000000000000000 1.00000000000000005E-004
2380.6095537699998 1.0000000000000000 1.00000000000000005E-004
2380.6198768899999 1.0000000000000000 1.00000000000000005E-004
2380.6302000500000 1.0000000000000000 1.00000000000000005E-004
2380.6405232500001 1.0000000000000000 1.00000000000000005E-004
2380.6508465000002 1.0000000000000000 1.00000000000000005E-004
2380.6611698000002 1.0000000000000000 1.00000000000000005E-004
2380.6714931400002 1.0000000000000000 1.00000000000000005E-004
2380.6818165200002 1.0000000000000000 1.00000000000000005E-004
2380.6921399500002 1.0000000000000000 1.00000000000000005E-004
2380.7024634300001 1.0000000000000000 1.00000000000000005E-004
2380.7127869500000 1.0000000000000000 1.00000000000000005E-004
2380.7231105100000 1.0000000000000000 1.00000000000000005E-004
2380.7334341199999 1.0000000000000000 1.00000000000000005E-004
2380.7437577699998 1.0000000000000000 1.00000000000000005E-004
2380.7540814700001 1.0000000000000000 1.00000000000000005E-004
2380.7644052199998 1.0000000000000000 1.00000000000000005E-004
2380.7747290000002 1.0000000000000000 1.00000000000000005E-004
2380.7850528399999 0.99965492886309193 1.00000000000000005E-004
2380.7953767099998 0.99965118606548675 1.00000000000000005E-004
2380.8057006399999 0.99964726032038165 1.00000000000000005E-004
2380.8160246000002 0.99964321581931304 1.00000000000000005E-004
2380.8263486100000 0.99963918687641029 1.00000000000000005E-004
2380.8366726700001 0.99963521611031081 1.00000000000000005E-004
2380.8469967699998 0.99963124986247465 1.00000000000000005E-004
2380.8573209199999 0.99962723858167390 1.00000000000000005E-004
2380.8676451100000 0.99962316462517931 1.00000000000000005E-004
2380.8779693400002 0.99961902380484269 1.00000000000000005E-004
2380.8882936199998 0.99961481438319555 1.00000000000000005E-004
2380.8986179499998 0.99961053482316875 1.00000000000000005E-004
2380.9089423199998 0.99960618356075426 1.00000000000000005E-004
2380.9192667299999 0.99960175898516435 1.00000000000000005E-004
2380.9295911899999 0.99959725943677491 1.00000000000000005E-004
2380.9399156999998 0.99959268321207773 1.00000000000000005E-004
2380.9502402500002 0.99958802856235063 1.00000000000000005E-004
2380.9605648400002 0.99958329368560606 1.00000000000000005E-004
2380.9708894800001 0.99957847672572031 1.00000000000000005E-004
2380.9812141600000 0.99957357577407713 1.00000000000000005E-004
2380.9915388899999 0.99956858886667699 1.00000000000000005E-004
2381.0018636599998 0.99956351398177501 1.00000000000000005E-004
2381.0121884800001 0.99955834903775376 1.00000000000000005E-004
2381.0225133399999 0.99955309189103791 1.00000000000000005E-004
2381.0328382500002 0.99954774033388560 1.00000000000000005E-004
2381.0431632000000 0.99954229209204759 1.00000000000000005E-004
2381.0534882000002 0.99953674482229193 1.00000000000000005E-004
2381.0638132399999 0.99953109610997226 1.00000000000000005E-004
2381.0741383300001 0.99952534346688648 1.00000000000000005E-004
2381.0844634599998 0.99951948432987503 1.00000000000000005E-004
2381.0947886300000 0.99951351605363914 1.00000000000000005E-004
2381.1051138500002 0.99950743590623781 1.00000000000000005E-004
2381.1154391199998 0.99950124107433569 1.00000000000000005E-004
2381.1257644299999 0.99949492866016965 1.00000000000000005E-004
2381.1360897800000 0.99948849566902820 1.00000000000000005E-004
2381.1464151800001 0.99948193900535831 1.00000000000000005E-004
2381.1567406300001 0.99947525547851579 1.00000000000000005E-004
2381.1670661200001 0.99946844179933303 1.00000000000000005E-004
2381.1773916500001 0.99946149456675581 1.00000000000000005E-004
2381.1877172300001 0.99945441026484549 1.00000000000000005E-004
2381.1980428500001 0.99944718526340537 1.00000000000000005E-004
2381.2083685200000 0.99943981581186525 1.00000000000000005E-004
2381.2186942300000 0.99943229803383882 1.00000000000000005E-004
2381.2290199899999 0.99942462792190723 1.00000000000000005E-004
2381.2393457899998 0.99941680133235511 1.00000000000000005E-004
2381.2496716400001 0.99940881397958836 1.00000000000000005E-004
2381.2599975300000 0.99940066143024320 1.00000000000000005E-004
2381.2703234700002 0.99939233909696901 1.00000000000000005E-004
2381.2806494500001 0.99938384223216303 1.00000000000000005E-004
2381.2909754799998 0.99937516592171460 1.00000000000000005E-004
2381.3013015500001 0.99936630507933333 1.00000000000000005E-004
2381.3116276599999 0.99935725443132339 1.00000000000000005E-004
2381.3219538300000 0.99934800851493211 1.00000000000000005E-004
2381.3322800300002 0.99933856167772184 1.00000000000000005E-004
2381.3426062799999 0.99932890805248287 1.00000000000000005E-004
2381.3529325800000 0.99931904155630669 1.00000000000000005E-004
2381.3632589200001 0.99930895589061042 1.00000000000000005E-004
2381.3735852999998 0.99929864451625761 1.00000000000000005E-004
2381.3839117299999 0.99928810064397489 1.00000000000000005E-004
2381.3942382000000 0.99927731722951318 1.00000000000000005E-004
2381.4045647200001 0.99926628695720432 1.00000000000000005E-004
2381.4148912900000 0.99925500223473585 1.00000000000000005E-004
2381.4252179000000 0.99924345518304913 1.00000000000000005E-004
2381.4355445500000 0.99923163760784672 1.00000000000000005E-004
2381.4458712500000 0.99921954098729837 1.00000000000000005E-004
2381.4561979900000 0.99920715646517633 1.00000000000000005E-004
2381.4665247799999 0.99919447483212165 1.00000000000000005E-004
2381.4768516099998 0.99918148650748340 1.00000000000000005E-004
2381.4871784900001 0.99916818152092446 1.00000000000000005E-004
2381.4975054100000 0.99915454949369509 1.00000000000000005E-004
2381.5078323799999 0.99914057961926650 1.00000000000000005E-004
2381.5181593900002 0.99912626064424570 1.00000000000000005E-004
2381.5284864400001 0.99911158083313079 1.00000000000000005E-004
2381.5388135500002 0.99909652795423309 1.00000000000000005E-004
2381.5491406900001 0.99908108926663164 1.00000000000000005E-004
2381.5594678799998 0.99906525146648051 1.00000000000000005E-004
2381.5697951200000 0.99904900067180791 1.00000000000000005E-004
2381.5801224000002 0.99903232240761286 1.00000000000000005E-004
2381.5904497199999 0.99901520154756018 1.00000000000000005E-004
2381.6007770900001 0.99899762227738487 1.00000000000000005E-004
2381.6111045100001 0.99897956808314281 1.00000000000000005E-004
2381.6214319699998 0.99896102171415779 1.00000000000000005E-004
2381.6317594699999 0.99894196511682654 1.00000000000000005E-004
2381.6420870200000 0.99892237939333128 1.00000000000000005E-004
2381.6524146100001 0.99890224476731615 1.00000000000000005E-004
2381.6627422500001 0.99888154052644762 1.00000000000000005E-004
2381.6730699400000 0.99886024498619119 1.00000000000000005E-004
2381.6833976600001 0.99883833541959177 1.00000000000000005E-004
2381.6937254400000 0.99881578798220039 1.00000000000000005E-004
2381.7040532500000 0.99879257766605789 1.00000000000000005E-004
2381.7143811199999 0.99876867822682991 1.00000000000000005E-004
2381.7247090199999 0.99874406210878552 1.00000000000000005E-004
2381.7350369800001 0.99871870036642063 1.00000000000000005E-004
2381.7453649700001 0.99869256258389294 1.00000000000000005E-004
2381.7556930100000 0.99866561676012955 1.00000000000000005E-004
2381.7660211000002 0.99863782922693722 1.00000000000000005E-004
2381.7763492300001 0.99860916456266080 1.00000000000000005E-004
2381.7866774099998 0.99857958545777303 1.00000000000000005E-004
2381.7970056300001 0.99854905260458826 1.00000000000000005E-004
2381.8073338899999 0.99851752454572162 1.00000000000000005E-004
2381.8176622000001 0.99848495752508637 1.00000000000000005E-004
2381.8279905600002 0.99845130538011384 1.00000000000000005E-004
2381.8383189599999 0.99841651938033327 1.00000000000000005E-004
2381.8486474000001 0.99838054800103426 1.00000000000000005E-004
2381.8589758899998 0.99834333672894582 1.00000000000000005E-004
2381.8693044299998 0.99830482790843078 1.00000000000000005E-004
2381.8796330099999 0.99826496052201752 1.00000000000000005E-004
2381.8899616300000 0.99822366989475486 1.00000000000000005E-004
2381.9002903000001 0.99818088743763767 1.00000000000000005E-004
2381.9106190100001 0.99813654039221866 1.00000000000000005E-004
2381.9209477700001 0.99809055151246995 1.00000000000000005E-004
2381.9312765700001 0.99804283872454569 1.00000000000000005E-004
2381.9416054200001 0.99799331475933972 1.00000000000000005E-004
2381.9519343100001 0.99794188675320572 1.00000000000000005E-004
2381.9622632500000 0.99788845581209429 1.00000000000000005E-004
2381.9725922299999 0.99783291653536377 1.00000000000000005E-004
2381.9829212599998 0.99777515649505011 1.00000000000000005E-004
2381.9932503300001 0.99771505566560981 1.00000000000000005E-004
2382.0035794500000 0.99765248579853594 1.00000000000000005E-004
2382.0139086099998 0.99758730973791154 1.00000000000000005E-004
2382.0242378200001 0.99751938067325663 1.00000000000000005E-004
2382.0345670699999 0.99744854132781502 1.00000000000000005E-004
2382.0448963600002 0.99737462299428659 1.00000000000000005E-004
2382.0552256999999 0.99729744450641311 1.00000000000000005E-004
2382.0655550900001 0.99721681123095951 1.00000000000000005E-004
2382.0758845199998 0.99713251384610857 1.00000000000000005E-004
2382.0862139900000 0.99704432686053224 1.00000000000000005E-004
2382.0965435100002 0.99695200709118192 1.00000000000000005E-004
2382.1068730799998 0.99685529211282120 1.00000000000000005E-004
2382.1172026899999 0.99675389840189377 1.00000000000000005E-004
2382.1275323400000 0.99664751911863536 1.00000000000000005E-004
2382.1378620400001 0.99653582179239308 1.00000000000000005E-004
2382.1481917800002 0.99641844579306105 1.00000000000000005E-004
2382.1585215700002 0.99629499939114974 1.00000000000000005E-004
2382.1688514000002 0.99616505647111175 1.00000000000000005E-004
2382.1791812800002 0.99602815284099755 1.00000000000000005E-004
2382.1895112000002 0.99588378207473016 1.00000000000000005E-004
2382.1998411700001 0.99573139081373041 1.00000000000000005E-004
2382.2101711800001 0.99557037344637467 1.00000000000000005E-004
2382.2205012400000 0.99540006606975762 1.00000000000000005E-004
2382.2308313399999 0.99521973962095100 1.00000000000000005E-004
2382.2411614900002 0.99502859204436334 1.00000000000000005E-004
2382.2514916800001 0.99482573933664542 1.00000000000000005E-004
2382.2618219199999 0.99461020528095756 1.00000000000000005E-004
2382.2721522000002 0.99438090965468073 1.00000000000000005E-004
2382.2824825299999 0.99413665465531220 1.00000000000000005E-004
2382.2928129000002 0.99387610924698289 1.00000000000000005E-004
2382.3031433100000 0.99359779074685506 1.00000000000000005E-004
2382.3134737700002 0.99330004352948897 1.00000000000000005E-004
2382.3238042799999 0.99298101466795219 1.00000000000000005E-004
2382.3341348300000 0.99263862499388289 1.00000000000000005E-004
2382.3444654199998 0.99227053455624026 1.00000000000000005E-004
2382.3547960599999 0.99187410235416062 1.00000000000000005E-004
2382.3651267499999 0.99144633927046932 1.00000000000000005E-004
2382.3754574700001 0.99098385100684683 1.00000000000000005E-004
2382.3857882500001 0.99048276982667549 1.00000000000000005E-004
2382.3961190700002 0.98993867390737378 1.00000000000000005E-004
2382.4064499299998 0.98934648865064834 1.00000000000000005E-004
2382.4167808399998 0.98870036692018715 1.00000000000000005E-004
2382.4271117899998 0.98799354387116378 1.00000000000000005E-004
2382.4374427900002 0.98721815810494751 1.00000000000000005E-004
2382.4477738300002 0.98636503080768878 1.00000000000000005E-004
2382.4581049200001 0.98542339112425070 1.00000000000000005E-004
2382.4684360500000 0.98438053222697353 1.00000000000000005E-004
2382.4787672299999 0.98322137726685321 1.00000000000000005E-004
2382.4890984499998 0.98192792710087751 1.00000000000000005E-004
2382.4994297200001 0.98047855140640616 1.00000000000000005E-004
2382.5097610299999 0.97884707019785100 1.00000000000000005E-004
2382.5200923900002 0.97700155163409275 1.00000000000000005E-004
2382.5304237900000 0.97490272108663401 1.00000000000000005E-004
2382.5407552299998 0.97250182753854797 1.00000000000000005E-004
2382.5510867200001 0.96973774825018755 1.00000000000000005E-004
2382.5614182600002 0.96653300641687823 1.00000000000000005E-004
2382.5717498399999 0.96278819472315835 1.00000000000000005E-004
2382.5820814600002 0.95837402422636342 1.00000000000000005E-004
2382.5924131299998 0.95311977436997186 1.00000000000000005E-004
2382.6027448499999 0.94679613678556718 1.00000000000000005E-004
2382.6130766100000 0.93908904659265535 1.00000000000000005E-004
2382.6234084100001 0.92955854444150188 1.00000000000000005E-004
2382.6337402600002 0.91757152156985200 1.00000000000000005E-004
2382.6440721499998 0.90218134918346138 1.00000000000000005E-004
2382.6544040899998 0.88183367138213209 1.00000000000000005E-004
2382.6647360799998 0.85322278580576238 1.00000000000000005E-004
2382.6750681100002 0.80707418997766112 1.00000000000000005E-004
2382.6854001800002 0.72079623123337810 1.00000000000000005E-004
2382.6957323000001 0.56654471669080586 1.00000000000000005E-004
2382.7060644600001 0.35621856990680711 1.00000000000000005E-004
2382.7163966700000 0.16335015917336582 1.00000000000000005E-004
2382.7267289199999 5.08692083853605967E-002 1.00000000000000005E-004
2382.7370612200002 1.02405425706385157E-002 1.00000000000000005E-004
2382.7473935600001 1.28928338849581972E-003 1.00000000000000005E-004
2382.7577259400000 1.01445874621285351E-004 1.00000000000000005E-004
2382.7680583800002 5.84033406452191413E-005 1.00000000000000005E-004
2382.7783908500001 7.78558691448226741E-004 1.00000000000000005E-004
2382.7887233699998 6.85602159594275208E-003 1.00000000000000005E-004
2382.7990559400000 3.75511174806092418E-002 1.00000000000000005E-004
2382.8093885500002 0.13186615974881638 1.00000000000000005E-004
2382.8197212099999 0.31065582254959384 1.00000000000000005E-004
2382.8300539100001 0.52465798254400819 1.00000000000000005E-004
2382.8403866499998 0.69419650819817091 1.00000000000000005E-004
2382.8507194399999 0.79308073323284145 1.00000000000000005E-004
2382.8610522800000 0.84535678945843273 1.00000000000000005E-004
2382.8713851600000 0.87658736868413956 1.00000000000000005E-004
2382.8817180800002 0.89831581305368957 1.00000000000000005E-004
2382.8920510500002 0.91460322805987859 1.00000000000000005E-004
2382.9023840599998 0.92722386210068841 1.00000000000000005E-004
2382.9127171199998 0.93721789992341009 1.00000000000000005E-004
2382.9230502300002 0.94527250233760118 1.00000000000000005E-004
2382.9333833699998 0.95186202049039148 1.00000000000000005E-004
2382.9437165700001 0.95732329228003110 1.00000000000000005E-004
2382.9540498100000 0.96190113432172764 1.00000000000000005E-004
2382.9643830900000 0.96577709324499461 1.00000000000000005E-004
2382.9747164199998 0.96908818592600987 1.00000000000000005E-004
2382.9850497900002 0.97193943840767394 1.00000000000000005E-004
2382.9953832100000 0.97441247830330757 1.00000000000000005E-004
2383.0057166699999 0.97657154072225960 1.00000000000000005E-004
2383.0160501700002 0.97846774644830081 1.00000000000000005E-004
2383.0263837299999 0.98014219530232649 1.00000000000000005E-004
2383.0367173200002 0.98162823828171952 1.00000000000000005E-004
2383.0470509600000 0.98295317284860062 1.00000000000000005E-004
2383.0573846500001 0.98413951678809297 1.00000000000000005E-004
2383.0677183799999 0.98520597939133492 1.00000000000000005E-004
2383.0780521600000 0.98616821114205966 1.00000000000000005E-004
2383.0883859800001 0.98703938538125791 1.00000000000000005E-004
2383.0987198399998 0.98783065553334104 1.00000000000000005E-004
2383.1090537499999 0.98855151634696847 1.00000000000000005E-004
2383.1193877100000 0.98921009079697175 1.00000000000000005E-004
2383.1297217100000 0.98981336151143329 1.00000000000000005E-004
2383.1400557500001 0.99036735865482306 1.00000000000000005E-004
2383.1503898400001 0.99087731185989369 1.00000000000000005E-004
2383.1607239800001 0.99134777388885376 1.00000000000000005E-004
2383.1710581600000 0.99178272319427208 1.00000000000000005E-004
2383.1813923800000 0.99218564935717690 1.00000000000000005E-004
2383.1917266500000 0.99255962342765791 1.00000000000000005E-004
2383.2020609599999 0.99290735653335027 1.00000000000000005E-004
2383.2123953199998 0.99323124944872943 1.00000000000000005E-004
2383.2227297200002 0.99353343433144914 1.00000000000000005E-004
2383.2330641700000 0.99381581002930652 1.00000000000000005E-004
2383.2433986599999 0.99408007207724824 1.00000000000000005E-004
2383.2537332000002 0.99432773828790810 1.00000000000000005E-004
2383.2640677800000 0.99456017066019331 1.00000000000000005E-004
2383.2744024100002 0.99477859419882286 1.00000000000000005E-004
2383.2847370800000 0.99498411313335922 1.00000000000000005E-004
2383.2950718000002 0.99517772493975476 1.00000000000000005E-004
2383.3054065599999 0.99536033249312872 1.00000000000000005E-004
2383.3157413700001 0.99553275462917978 1.00000000000000005E-004
2383.3260762199998 0.99569573533828182 1.00000000000000005E-004
2383.3364111100000 0.99584995196394432 1.00000000000000005E-004
2383.3467460600000 0.99599602214313354 1.00000000000000005E-004
2383.3570810400001 0.99613450989992602 1.00000000000000005E-004
2383.3674160700002 0.99626593137020691 1.00000000000000005E-004
2383.3777511500002 0.99639075949156464 1.00000000000000005E-004
2383.3880862699998 0.99650942815809851 1.00000000000000005E-004
2383.3984214299999 0.99662233620850704 1.00000000000000005E-004
2383.4087566399999 0.99672985078030507 1.00000000000000005E-004
2383.4190918999998 0.99683231013936724 1.00000000000000005E-004
2383.4294272000002 0.99693002636010630 1.00000000000000005E-004
2383.4397625400002 0.99702328785237138 1.00000000000000005E-004
2383.4500979300001 0.99711236146606330 1.00000000000000005E-004
2383.4604333600000 0.99719749433802451 1.00000000000000005E-004
2383.4707688399999 0.99727891564549409 1.00000000000000005E-004
2383.4811043700001 0.99735683808993647 1.00000000000000005E-004
2383.4914399300001 0.99743145935226041 1.00000000000000005E-004
2383.5017755499998 0.99750296340745592 1.00000000000000005E-004
2383.5121112100001 0.99757152152680384 1.00000000000000005E-004
2383.5224469099999 0.99763729336941787 1.00000000000000005E-004
2383.5327826600001 0.99770042796147240 1.00000000000000005E-004
2383.5431184499998 0.99776106448044455 1.00000000000000005E-004
2383.5534542900000 0.99781933303189596 1.00000000000000005E-004
2383.5637901700002 0.99787535534457750 1.00000000000000005E-004
2383.5741260899999 0.99792924545733930 1.00000000000000005E-004
2383.5844620700000 0.99798111025815039 1.00000000000000005E-004
2383.5947980800001 0.99803104997374392 1.00000000000000005E-004
2383.6051341399998 0.99807915874785003 1.00000000000000005E-004
2383.6154702499998 0.99812552504212992 1.00000000000000005E-004
2383.6258063999999 0.99817023200945865 1.00000000000000005E-004
2383.6361425999999 0.99821335790615850 1.00000000000000005E-004
2383.6464788399999 0.99825497641834293 1.00000000000000005E-004
2383.6568151199999 0.99829515700551852 1.00000000000000005E-004
2383.6671514499999 0.99833396519616435 1.00000000000000005E-004
2383.6774878299998 0.99837146279974498 1.00000000000000005E-004
2383.6878242500002 0.99840770815772928 1.00000000000000005E-004
2383.6981607100001 0.99844275642608193 1.00000000000000005E-004
2383.7084972200000 0.99847665978194011 1.00000000000000005E-004
2383.7188337799998 0.99850946756635528 1.00000000000000005E-004
2383.7291703800001 0.99854122646666721 1.00000000000000005E-004
2383.7395070200000 0.99857198072897302 1.00000000000000005E-004
2383.7498437099998 0.99860177230321556 1.00000000000000005E-004
2383.7601804400001 0.99863064096289489 1.00000000000000005E-004
2383.7705172199999 0.99865862444597431 1.00000000000000005E-004
2383.7808540400001 0.99868575858263997 1.00000000000000005E-004
2383.7911909099998 0.99871207741466816 1.00000000000000005E-004
2383.8015278299999 0.99873761327863697 1.00000000000000005E-004
2383.8118647800002 0.99876239692335567 1.00000000000000005E-004
2383.8222017899998 0.99878645761873630 1.00000000000000005E-004
2383.8325388300000 0.99880982321879663 1.00000000000000005E-004
2383.8428759300000 0.99883252024537450 1.00000000000000005E-004
2383.8532130600001 0.99885457396163835 1.00000000000000005E-004
2383.8635502400002 0.99887600846260438 1.00000000000000005E-004
2383.8738874700002 0.99889684672578438 1.00000000000000005E-004
2383.8842247399998 0.99891711065930078 1.00000000000000005E-004
2383.8945620600002 0.99893682117899441 1.00000000000000005E-004
2383.9048994200002 0.99895599825846915 1.00000000000000005E-004
2383.9152368300001 0.99897466097688892 1.00000000000000005E-004
2383.9255742800001 0.99899282756216712 1.00000000000000005E-004
2383.9359117700001 0.99901051544921060 1.00000000000000005E-004
2383.9462493100000 0.99902774132492245 1.00000000000000005E-004
2383.9565868999998 0.99904452114299580 1.00000000000000005E-004
2383.9669245300001 0.99906087016243272 1.00000000000000005E-004
2383.9772622000000 0.99907680300693713 1.00000000000000005E-004
2383.9875999199999 0.99909233369639805 1.00000000000000005E-004
2383.9979376900001 0.99910747565418245 1.00000000000000005E-004
2384.0082754999999 0.99912224173735387 1.00000000000000005E-004
2384.0186133500001 0.99913664428606241 1.00000000000000005E-004
2384.0289512499999 0.99915069514744159 1.00000000000000005E-004
2384.0392892000000 0.99916440567693787 1.00000000000000005E-004
2384.0496271799998 0.99917778677501756 1.00000000000000005E-004
2384.0599652199999 0.99919084892082521 1.00000000000000005E-004
2384.0703033000000 0.99920360216899706 1.00000000000000005E-004
2384.0806414200001 0.99921605618007125 1.00000000000000005E-004
2384.0909795900002 0.99922822024768543 1.00000000000000005E-004
2384.1013177999998 0.99924010330474988 1.00000000000000005E-004
2384.1116560599999 0.99925171394194157 1.00000000000000005E-004
2384.1219943599999 0.99926306042397717 1.00000000000000005E-004
2384.1323327099999 0.99927415070461434 1.00000000000000005E-004
2384.1426710999999 0.99928499244054592 1.00000000000000005E-004
2384.1530095399999 0.99929559300464987 1.00000000000000005E-004
2384.1633480199998 0.99930595949830126 1.00000000000000005E-004
2384.1736865500002 0.99931609876269079 1.00000000000000005E-004
2384.1840251200001 0.99932601738862492 1.00000000000000005E-004
2384.1943637300001 0.99933572173584795 1.00000000000000005E-004
2384.2047023999999 0.99934521793595255 1.00000000000000005E-004
2384.2150410999998 0.99935451189444247 1.00000000000000005E-004
2384.2253798500001 0.99936360931693280 1.00000000000000005E-004
2384.2357186499999 0.99937251571007235 1.00000000000000005E-004
2384.2460574900001 0.99938123638334875 1.00000000000000005E-004
2384.2563963799998 0.99938977646429417 1.00000000000000005E-004
2384.2667353100001 0.99939814090280954 1.00000000000000005E-004
2384.2770742799999 0.99940633448382699 1.00000000000000005E-004
2384.2874133000000 0.99941436183497490 1.00000000000000005E-004
2384.2977523700001 0.99942222742077114 1.00000000000000005E-004
2384.3080914699999 0.99942993555677084 1.00000000000000005E-004
2384.3184306300000 0.99943749042226238 1.00000000000000005E-004
2384.3287698300001 0.99944489605240572 1.00000000000000005E-004
2384.3391090700002 0.99945215635037588 1.00000000000000005E-004
2384.3494483600002 0.99945927509876809 1.00000000000000005E-004
2384.3597877000002 0.99946625595186844 1.00000000000000005E-004
2384.3701270699999 0.99947310244676413 1.00000000000000005E-004
2384.3804664999998 0.99947981801377039 1.00000000000000005E-004
2384.3908059700002 0.99948640596865412 1.00000000000000005E-004
2384.4011454800002 0.99949286952237815 1.00000000000000005E-004
2384.4114850400001 0.99949921178963697 1.00000000000000005E-004
2384.4218246400001 0.99950543578684359 1.00000000000000005E-004
2384.4321642899999 0.99951154443678725 1.00000000000000005E-004
2384.4425039799999 0.99951754057247089 1.00000000000000005E-004
2384.4528437200001 0.99952342694057350 1.00000000000000005E-004
2384.4631835000000 0.99952920620443031 1.00000000000000005E-004
2384.4735233299998 0.99953488094669574 1.00000000000000005E-004
2384.4838632000001 0.99954045367138311 1.00000000000000005E-004
2384.4942031099999 0.99954592681145760 1.00000000000000005E-004
2384.5045430800001 0.99955130272742276 1.00000000000000005E-004
2384.5148830799999 0.99955658370552947 1.00000000000000005E-004
2384.5252231300001 0.99956177196983664 1.00000000000000005E-004
2384.5355632300002 0.99956686968013098 1.00000000000000005E-004
2384.5459033699999 0.99957187893043342 1.00000000000000005E-004
2384.5562435600000 0.99957680175528296 1.00000000000000005E-004
2384.5665837900001 0.99958164012992157 1.00000000000000005E-004
2384.5769240599998 0.99958639597557564 1.00000000000000005E-004
2384.5872643799999 0.99959107116217860 1.00000000000000005E-004
2384.5976047499998 0.99959566750366102 1.00000000000000005E-004
2384.6079451599999 0.99960018675994011 1.00000000000000005E-004
2384.6182856099999 0.99960463064495075 1.00000000000000005E-004
2384.6286261099999 0.99960900082716297 1.00000000000000005E-004
2384.6389666499999 0.99961329892817830 1.00000000000000005E-004
2384.6493072399999 0.99961752652620328 1.00000000000000005E-004
2384.6596478800002 0.99962168515576755 1.00000000000000005E-004
2384.6699885600001 0.99962577633685723 1.00000000000000005E-004
2384.6803292800000 0.99962980203297713 1.00000000000000005E-004
2384.6906700499999 0.99963376840320484 1.00000000000000005E-004
2384.7010108600002 0.99963770034572941 1.00000000000000005E-004
2384.7113517200000 0.99964165522867487 1.00000000000000005E-004
2384.7216926199999 0.99964567063664800 1.00000000000000005E-004
2384.7320335700001 0.99964966890067375 1.00000000000000005E-004
2384.7423745599999 0.99965351854184337 1.00000000000000005E-004
2384.7527156000001 1.0000000000000000 1.00000000000000005E-004
2384.7630566799999 1.0000000000000000 1.00000000000000005E-004
2384.7733978100000 1.0000000000000000 1.00000000000000005E-004
2384.7837389800002 1.0000000000000000 1.00000000000000005E-004
2384.7940801999998 1.0000000000000000 1.00000000000000005E-004
2384.8044214600000 1.0000000000000000 1.00000000000000005E-004
2384.8147627700000 1.0000000000000000 1.00000000000000005E-004
2384.8251041200001 1.0000000000000000 1.00000000000000005E-004
2384.8354455200001 1.0000000000000000 1.00000000000000005E-004
2384.8457869600002 1.0000000000000000 1.00000000000000005E-004
2384.8561284500001 1.0000000000000000 1.00000000000000005E-004
2384.8664699800001 1.0000000000000000 1.00000000000000005E-004
2384.8768115500002 1.0000000000000000 1.00000000000000005E-004
2384.8871531700001 1.0000000000000000 1.00000000000000005E-004
2384.8974948400000 1.0000000000000000 1.00000000000000005E-004
2384.9078365500000 1.0000000000000000 1.00000000000000005E-004
2384.9181782999999 1.0000000000000000 1.00000000000000005E-004
2384.9285200999998 1.0000000000000000 1.00000000000000005E-004
2384.9388619500000 1.0000000000000000 1.00000000000000005E-004
2384.9492038399999 1.0000000000000000 1.00000000000000005E-004
