2247.8105449200002 1.0000000000000000 1.00000000000000005E-004
2247.8202921699999 1.0000000000000000 1.00000000000000005E-004
2247.8300394700000 1.0000000000000000 1.00000000000000005E-004
2247.8397868100001 1.0000000000000000 1.00000000000000005E-004
2247.8495341900002 1.0000000000000000 1.00000000000000005E-004
2247.8592816199998 1.0000000000000000 1.00000000000000005E-004
2247.8690290800000 1.0000000000000000 1.00000000000000005E-004
2247.8787765900001 1.0000000000000000 1.00000000000000005E-004
2247.8885241399998 1.0000000000000000 1.00000000000000005E-004
2247.8982717399999 1.0000000000000000 1.00000000000000005E-004
2247.9080193700001 1.0000000000000000 1.00000000000000005E-004
2247.9177670499998 1.0000000000000000 1.00000000000000005E-004
2247.9275147700000 1.0000000000000000 1.00000000000000005E-004
2247.9372625400001 1.0000000000000000 1.00000000000000005E-004
2247.9470103399999 1.0000000000000000 1.00000000000000005E-004
2247.9567581900001 1.0000000000000000 1.00000000000000005E-004
2247.9665060799998 1.0000000000000000 1.00000000000000005E-004
2247.9762540100000 1.0000000000000000 1.00000000000000005E-004
2247.9860019799999 1.0000000000000000 1.00000000000000005E-004
2247.9957500000000 1.0000000000000000 1.00000000000000005E-004
2248.0054980599998 0.99999829995175660 1.00000000000000005E-004
2248.0152461600001 0.99999828206809416 1.00000000000000005E-004
2248.0249942999999 0.99999826390079927 1.00000000000000005E-004
2248.0347424900001 0.99999824544383520 1.00000000000000005E-004
2248.0444907199999 0.99999822669101657 1.00000000000000005E-004
2248.0542389900002 0.99999820763599523 1.00000000000000005E-004
2248.0639873000000 0.99999818827224307 1.00000000000000005E-004
2248.0737356499999 0.99999816859304369 1.00000000000000005E-004
2248.0834840500002 0.99999814859150216 1.00000000000000005E-004
2248.0932324900000 0.99999812826054713 1.00000000000000005E-004
2248.1029809699999 0.99999810759291274 1.00000000000000005E-004
2248.1127294900002 0.99999808658111544 1.00000000000000005E-004
2248.1224780600000 0.99999806521746326 1.00000000000000005E-004
2248.1322266699999 0.99999804349406174 1.00000000000000005E-004
2248.1419753199998 0.99999802140279759 1.00000000000000005E-004
2248.1517240100002 0.99999799893531038 1.00000000000000005E-004
2248.1614727500000 0.99999797608300756 1.00000000000000005E-004
2248.1712215200000 0.99999795283705672 1.00000000000000005E-004
2248.1809703399999 0.99999792918834707 1.00000000000000005E-004
2248.1907192100002 0.99999790512752051 1.00000000000000005E-004
2248.2004681100002 0.99999788064496142 1.00000000000000005E-004
2248.2102170600001 0.99999785573074762 1.00000000000000005E-004
2248.2199660500000 0.99999783037467049 1.00000000000000005E-004
2248.2297150800000 0.99999780456622889 1.00000000000000005E-004
2248.2394641500000 0.99999777829459835 1.00000000000000005E-004
2248.2492132600000 0.99999775154861570 1.00000000000000005E-004
2248.2589624200000 0.99999772431677958 1.00000000000000005E-004
2248.2687116200000 0.99999769658725057 1.00000000000000005E-004
2248.2784608699999 0.99999766834783799 1.00000000000000005E-004
2248.2882101499999 0.99999763958597265 1.00000000000000005E-004
2248.2979594799999 0.99999761028867684 1.00000000000000005E-004
2248.3077088499999 0.99999758044257492 1.00000000000000005E-004
2248.3174582600000 0.99999755003388313 1.00000000000000005E-004
2248.3272077100000 0.99999751904835954 1.00000000000000005E-004
2248.3369572100000 0.99999748747130746 1.00000000000000005E-004
2248.3467067500001 0.99999745528758555 1.00000000000000005E-004
2248.3564563300001 0.99999742248156653 1.00000000000000005E-004
2248.3662059500002 0.99999738903710167 1.00000000000000005E-004
2248.3759556099999 0.99999735493749897 1.00000000000000005E-004
2248.3857053199999 0.99999732016552023 1.00000000000000005E-004
2248.3954550700000 0.99999728470338123 1.00000000000000005E-004
2248.4052048600001 0.99999724853269645 1.00000000000000005E-004
2248.4149547000002 0.99999721163446409 1.00000000000000005E-004
2248.4247045699999 0.99999717398904986 1.00000000000000005E-004
2248.4344544900000 0.99999713557612491 1.00000000000000005E-004
2248.4442044500001 0.99999709637466561 1.00000000000000005E-004
2248.4539544600002 0.99999705636295433 1.00000000000000005E-004
2248.4637044999999 0.99999701551851894 1.00000000000000005E-004
2248.4734545900001 0.99999697381807484 1.00000000000000005E-004
2248.4832047199998 0.99999693123752642 1.00000000000000005E-004
2248.4929548900000 0.99999688775192974 1.00000000000000005E-004
2248.5027051100001 0.99999684333545380 1.00000000000000005E-004
2248.5124553599999 0.99999679796134611 1.00000000000000005E-004
2248.5222056600001 0.99999675160184021 1.00000000000000005E-004
2248.5319560100002 0.99999670422819154 1.00000000000000005E-004
2248.5417063899999 0.99999665581063468 1.00000000000000005E-004
2248.5514568200001 0.99999660631827436 1.00000000000000005E-004
2248.5612072800000 0.99999655571904933 1.00000000000000005E-004
2248.5709577900002 0.99999650397966178 1.00000000000000005E-004
2248.5807083499999 0.99999645106559287 1.00000000000000005E-004
2248.5904589400002 0.99999639694104481 1.00000000000000005E-004
2248.6002095800000 0.99999634156879302 1.00000000000000005E-004
2248.6099602600002 0.99999628491017711 1.00000000000000005E-004
2248.6197109800000 0.99999622692503431 1.00000000000000005E-004
2248.6294617499998 0.99999616757162724 1.00000000000000005E-004
2248.6392125500001 0.99999610680657691 1.00000000000000005E-004
2248.6489634000000 0.99999604458472835 1.00000000000000005E-004
2248.6587142899998 0.99999598085910657 1.00000000000000005E-004
2248.6684652300000 0.99999591558087519 1.00000000000000005E-004
2248.6782162000000 0.99999584869920177 1.00000000000000005E-004
2248.6879672199998 0.99999578016110680 1.00000000000000005E-004
2248.6977182800001 0.99999570991142195 1.00000000000000005E-004
2248.7074693800000 0.99999563789265911 1.00000000000000005E-004
2248.7172205299998 0.99999556404487888 1.00000000000000005E-004
2248.7269717200002 0.99999548830563434 1.00000000000000005E-004
2248.7367229500001 0.99999541060979480 1.00000000000000005E-004
2248.7464742200000 0.99999533088936443 1.00000000000000005E-004
2248.7562255299999 0.99999524907333137 1.00000000000000005E-004
2248.7659768899998 0.99999516508754838 1.00000000000000005E-004
2248.7757282900002 0.99999507885462369 1.00000000000000005E-004
2248.7854797300001 0.99999499029368444 1.00000000000000005E-004
2248.7952312100001 0.99999489932012087 1.00000000000000005E-004
2248.8049827400000 0.99999480584547440 1.00000000000000005E-004
2248.8147343000001 0.99999470977721527 1.00000000000000005E-004
2248.8244859100000 0.99999461101840204 1.00000000000000005E-004
2248.8342375699999 0.99999450946758861 1.00000000000000005E-004
2248.8439892599999 0.99999440501857284 1.00000000000000005E-004
2248.8537409999999 0.99999429755995106 1.00000000000000005E-004
2248.8634927799999 0.99999418697494247 1.00000000000000005E-004
2248.8732445999999 0.99999407314107858 1.00000000000000005E-004
2248.8829964600000 0.99999395592975293 1.00000000000000005E-004
2248.8927483699999 0.99999383520593110 1.00000000000000005E-004
2248.9025003199999 0.99999371082785116 1.00000000000000005E-004
2248.9122523100000 0.99999358264652605 1.00000000000000005E-004
2248.9220043400001 0.99999345050520272 1.00000000000000005E-004
2248.9317564200001 0.99999331423900850 1.00000000000000005E-004
2248.9415085300002 0.99999317367443397 1.00000000000000005E-004
2248.9512606899998 0.99999302862860517 1.00000000000000005E-004
2248.9610128999998 0.99999287890892097 1.00000000000000005E-004
2248.9707651399999 0.99999272431241915 1.00000000000000005E-004
2248.9805174300000 0.99999256462484309 1.00000000000000005E-004
2248.9902697600000 0.99999239962007735 1.00000000000000005E-004
2249.0000221300002 0.99999222905935781 1.00000000000000005E-004
2249.0097745399999 0.99999205269025848 1.00000000000000005E-004
2249.0195269999999 0.99999187024590441 1.00000000000000005E-004
2249.0292794900001 0.99999168144395079 1.00000000000000005E-004
2249.0390320299998 0.99999148598526655 1.00000000000000005E-004
2249.0487846199999 0.99999128355304845 1.00000000000000005E-004
2249.0585372400001 0.99999107381155561 1.00000000000000005E-004
2249.0682899100002 0.99999085640437502 1.00000000000000005E-004
2249.0780426199999 0.99999063095312979 1.00000000000000005E-004
2249.0877953700001 0.99999039705580839 1.00000000000000005E-004
2249.0975481700002 0.99999015428497728 1.00000000000000005E-004
2249.1073010000000 0.99998990218586536 1.00000000000000005E-004
2249.1170538800002 0.99998964027400816 1.00000000000000005E-004
2249.1268067999999 0.99998936803312555 1.00000000000000005E-004
2249.1365597600002 0.99998908491250305 1.00000000000000005E-004
2249.1463127699999 0.99998879032413324 1.00000000000000005E-004
2249.1560658200001 0.99998848363992510 1.00000000000000005E-004
2249.1658189099999 0.99998816418814984 1.00000000000000005E-004
2249.1755720400001 0.99998783124953627 1.00000000000000005E-004
2249.1853252199999 0.99998748405349791 1.00000000000000005E-004
2249.1950784300002 0.99998712177267091 1.00000000000000005E-004
2249.2048316900000 0.99998674348876515 1.00000000000000005E-004
2249.2145849899998 0.99998634772971429 1.00000000000000005E-004
2249.2243383400000 0.99998592864206526 1.00000000000000005E-004
2249.2340917199999 0.99998546102129149 1.00000000000000005E-004
2249.2438451500002 0.99998488538815333 1.00000000000000005E-004
2249.2535986200000 0.99998415942078300 1.00000000000000005E-004
2249.2633521399998 0.99998335616974643 1.00000000000000005E-004
2249.2731056900002 0.99998260717096987 1.00000000000000005E-004
2249.2828592900000 0.99998194484616498 1.00000000000000005E-004
2249.2926129299999 0.99998131361562237 1.00000000000000005E-004
2249.3023666099998 0.99998066716751099 1.00000000000000005E-004
2249.3121203400001 0.99997998928050069 1.00000000000000005E-004
2249.3218741000001 0.99997927529323394 1.00000000000000005E-004
2249.3316279100000 0.99997852236735862 1.00000000000000005E-004
2249.3413817599999 0.99997772760429415 1.00000000000000005E-004
2249.3511356600002 0.99997688784199668 1.00000000000000005E-004
2249.3608895900002 0.99997599961383021 1.00000000000000005E-004
2249.3706435700001 0.99997505911156592 1.00000000000000005E-004
2249.3803975900000 0.99997406214490170 1.00000000000000005E-004
2249.3901516599999 0.99997300409526479 1.00000000000000005E-004
2249.3999057599999 0.99997187986125169 1.00000000000000005E-004
2249.4096599099998 0.99997068379579934 1.00000000000000005E-004
2249.4194140999998 0.99996940963570902 1.00000000000000005E-004
2249.4291683299998 0.99996805041880310 1.00000000000000005E-004
2249.4389226100002 0.99996659838777735 1.00000000000000005E-004
2249.4486769199998 0.99996504486958837 1.00000000000000005E-004
2249.4584312799998 0.99996337996234597 1.00000000000000005E-004
2249.4681856799998 0.99996159045478406 1.00000000000000005E-004
2249.4779401300002 0.99995964942519988 1.00000000000000005E-004
2249.4876946099998 0.99995749564637959 1.00000000000000005E-004
2249.4974491399998 0.99995505167818688 1.00000000000000005E-004
2249.5072037099999 0.99995232357903940 1.00000000000000005E-004
2249.5169583200000 0.99994942105086904 1.00000000000000005E-004
2249.5267129800000 0.99994640222844355 1.00000000000000005E-004
2249.5364676800000 0.99994320784605684 1.00000000000000005E-004
2249.5462224200000 0.99993975274372393 1.00000000000000005E-004
2249.5559772000001 0.99993597763057018 1.00000000000000005E-004
2249.5657320199998 0.99993183549757536 1.00000000000000005E-004
2249.5754868899999 0.99992727631662703 1.00000000000000005E-004
2249.5852417999999 0.99992224186533352 1.00000000000000005E-004
2249.5949967500001 0.99991666338410246 1.00000000000000005E-004
2249.6047517400002 0.99991045914167953 1.00000000000000005E-004
2249.6145067799998 0.99990353137011967 1.00000000000000005E-004
2249.6242618599999 0.99989576231619315 1.00000000000000005E-004
2249.6340169800001 0.99988700908856454 1.00000000000000005E-004
2249.6437721399998 0.99987709687386106 1.00000000000000005E-004
2249.6535273499999 0.99986580991661678 1.00000000000000005E-004
2249.6632825900001 0.99985287933557743 1.00000000000000005E-004
2249.6730378799998 0.99983796642729661 1.00000000000000005E-004
2249.6827932100000 0.99982063945709398 1.00000000000000005E-004
2249.6925485900001 0.99980034066178936 1.00000000000000005E-004
2249.7023040099998 0.99977633712027303 1.00000000000000005E-004
2249.7120594600001 0.99974764096000956 1.00000000000000005E-004
2249.7218149700002 0.99971288026281047 1.00000000000000005E-004
2249.7315705100000 0.99967013943933092 1.00000000000000005E-004
2249.7413260899998 0.99961678337017301 1.00000000000000005E-004
2249.7510817200000 0.99954904144254053 1.00000000000000005E-004
2249.7608373899998 0.99946099213646733 1.00000000000000005E-004
2249.7705931099999 0.99934190599189021 1.00000000000000005E-004
2249.7803488599998 0.99915865780954849 1.00000000000000005E-004
2249.7901046600000 0.99869802872687108 1.00000000000000005E-004
2249.7998604999998 0.99648338063842334 1.00000000000000005E-004
2249.8096163800001 0.98502263914232491 1.00000000000000005E-004
2249.8193722999999 0.94000977582368539 1.00000000000000005E-004
2249.8291282700002 0.81809754684017699 1.00000000000000005E-004
2249.8388842800000 0.59776216463002685 1.00000000000000005E-004
2249.8486403299999 0.33669948554523244 1.00000000000000005E-004
2249.8583964200002 0.13660101503776353 1.00000000000000005E-004
2249.8681525600000 4.03046664443147476E-002 1.00000000000000005E-004
2249.8779087399998 2.39766925262474805E-002 1.00000000000000005E-004
2249.8876649600002 7.62365380375688989E-002 1.00000000000000005E-004
2249.8974212200001 0.22406900317792403 1.00000000000000005E-004
2249.9071775299999 0.46560580536065177 1.00000000000000005E-004
2249.9169338699999 0.71867721007038665 1.00000000000000005E-004
2249.9266902600002 0.89132908996751536 1.00000000000000005E-004
2249.9364466900001 0.96915930046429244 1.00000000000000005E-004
2249.9462031700000 0.99288208538932887 1.00000000000000005E-004
2249.9559596899999 0.99803627316455779 1.00000000000000005E-004
2249.9657162399999 0.99899817790994261 1.00000000000000005E-004
2249.9754728399998 0.99926289219539799 1.00000000000000005E-004
2249.9852294900002 0.99940626586647208 1.00000000000000005E-004
2249.9949861700002 0.99950793533066751 1.00000000000000005E-004
2250.0047429000001 0.99958487222536663 1.00000000000000005E-004
2250.0144996700001 0.99964484992392422 1.00000000000000005E-004
2250.0242564900000 0.99969255538473933 1.00000000000000005E-004
2250.0340133400000 0.99973107329009281 1.00000000000000005E-004
2250.0437702400000 0.99976262260155913 1.00000000000000005E-004
2250.0535271799999 0.99978883427853948 1.00000000000000005E-004
2250.0632841600000 0.99981088107397587 1.00000000000000005E-004
2250.0730411800000 0.99982961490655131 1.00000000000000005E-004
2250.0827982500000 0.99984567419752002 1.00000000000000005E-004
2250.0925553600000 0.99985954877935701 1.00000000000000005E-004
2250.1023125100000 0.99987162041972799 1.00000000000000005E-004
2250.1120697000001 0.99988219046258020 1.00000000000000005E-004
2250.1218269400001 0.99989149945310618 1.00000000000000005E-004
2250.1315842200001 0.99989974136100102 1.00000000000000005E-004
2250.1413415400002 0.99990707405838919 1.00000000000000005E-004
2250.1510988999999 0.99991362713293563 1.00000000000000005E-004
2250.1608563000000 0.99991950778444905 1.00000000000000005E-004
2250.1706137500000 0.99992480532701233 1.00000000000000005E-004
2250.1803712400001 0.99992959466471565 1.00000000000000005E-004
2250.1901287699998 0.99993393901079741 1.00000000000000005E-004
2250.1998863499998 0.99993789208148243 1.00000000000000005E-004
2250.2096439600000 0.99994150062665277 1.00000000000000005E-004
2250.2194016200001 0.99994481153750703 1.00000000000000005E-004
2250.2291593199998 0.99994788989874539 1.00000000000000005E-004
2250.2389170699998 0.99995082199642848 1.00000000000000005E-004
2250.2486748500000 0.99995364028546152 1.00000000000000005E-004
2250.2584326800002 0.99995625644514796 1.00000000000000005E-004
2250.2681905499999 0.99995857787946596 1.00000000000000005E-004
2250.2779484700000 0.99996063088381182 1.00000000000000005E-004
2250.2877064200002 0.99996249516731728 1.00000000000000005E-004
2250.2974644199999 0.99996422070013835 1.00000000000000005E-004
2250.3072224600000 0.99996582844532478 1.00000000000000005E-004
2250.3169805399998 0.99996732993171100 1.00000000000000005E-004
2250.3267386600000 0.99996873441375600 1.00000000000000005E-004
2250.3364968300002 0.99997005008817075 1.00000000000000005E-004
2250.3462550400000 0.99997128429858817 1.00000000000000005E-004
2250.3560132900002 0.99997244364376392 1.00000000000000005E-004
2250.3657715800000 0.99997353406749234 1.00000000000000005E-004
2250.3755299200002 0.99997456093440418 1.00000000000000005E-004
2250.3852883000000 0.99997552909572829 1.00000000000000005E-004
2250.3950467200002 0.99997644294790711 1.00000000000000005E-004
2250.4048051800000 0.99997730648348704 1.00000000000000005E-004
2250.4145636899998 0.99997812333408154 1.00000000000000005E-004
2250.4243222300001 0.99997889680902474 1.00000000000000005E-004
2250.4340808200000 0.99997962993490297 1.00000000000000005E-004
2250.4438394600002 0.99998032559108618 1.00000000000000005E-004
2250.4535981300000 0.99998098780820410 1.00000000000000005E-004
2250.4633568499999 0.99998162943085067 1.00000000000000005E-004
2250.4731156100001 0.99998229063602795 1.00000000000000005E-004
2250.4828744100000 0.99998303119181564 1.00000000000000005E-004
2250.4926332499999 0.99998384143433972 1.00000000000000005E-004
2250.5023921400002 0.99998459861673017 1.00000000000000005E-004
2250.5121510700001 0.99998520813445135 1.00000000000000005E-004
2250.5219100400000 0.99998569700863305 1.00000000000000005E-004
2250.5316690499999 0.99998612852752700 1.00000000000000005E-004
2250.5414280999998 0.99998653387407932 1.00000000000000005E-004
2250.5511872000002 0.99998692090346930 1.00000000000000005E-004
2250.5609463400001 0.99998729141939757 1.00000000000000005E-004
2250.5707055200000 0.99998764639663085 1.00000000000000005E-004
2250.5804647499999 0.99998798669455025 1.00000000000000005E-004
2250.5902240199998 0.99998831311189462 1.00000000000000005E-004
2250.5999833199999 0.99998862639394404 1.00000000000000005E-004
2250.6097426800002 0.99998892723679800 1.00000000000000005E-004
2250.6195020700002 0.99998921629072479 1.00000000000000005E-004
2250.6292615100001 0.99998949416400640 1.00000000000000005E-004
2250.6390209800002 0.99998976142636886 1.00000000000000005E-004
2250.6487805100001 0.99999001861167303 1.00000000000000005E-004
2250.6585400700001 0.99999026622035325 1.00000000000000005E-004
2250.6682996700001 0.99999050472229956 1.00000000000000005E-004
2250.6780593200001 0.99999073455907783 1.00000000000000005E-004
2250.6878190100001 0.99999095614559430 1.00000000000000005E-004
2250.6975787400002 0.99999116987225289 1.00000000000000005E-004
2250.7073385200001 0.99999137610669431 1.00000000000000005E-004
2250.7170983400001 0.99999157519516590 1.00000000000000005E-004
2250.7268582000002 0.99999176746411811 1.00000000000000005E-004
2250.7366181000002 0.99999195322164180 1.00000000000000005E-004
2250.7463780399999 0.99999213275869814 1.00000000000000005E-004
2250.7561380299999 0.99999230635015302 1.00000000000000005E-004
2250.7658980599999 0.99999247425572302 1.00000000000000005E-004
2250.7756581300000 0.99999263672109029 1.00000000000000005E-004
2250.7854182400001 0.99999279397891239 1.00000000000000005E-004
2250.7951784000002 0.99999294624948931 1.00000000000000005E-004
2250.8049385899999 0.99999309374155099 1.00000000000000005E-004
2250.8146988300000 0.99999323665314954 1.00000000000000005E-004
2250.8244591200000 0.99999337517208453 1.00000000000000005E-004
2250.8342194400002 0.99999350947653332 1.00000000000000005E-004
2250.8439798099998 0.99999363973584721 1.00000000000000005E-004
2250.8537402200000 0.99999376611092405 1.00000000000000005E-004
2250.8635006700001 0.99999388875469652 1.00000000000000005E-004
2250.8732611599999 0.99999400781272352 1.00000000000000005E-004
2250.8830217000000 0.99999412342353200 1.00000000000000005E-004
2250.8927822800001 0.99999423571893553 1.00000000000000005E-004
2250.9025428999998 0.99999434482450400 1.00000000000000005E-004
2250.9123035600001 0.99999445085999872 1.00000000000000005E-004
2250.9220642700002 0.99999455393961401 1.00000000000000005E-004
2250.9318250199999 0.99999465417220423 1.00000000000000005E-004
2250.9415858100001 0.99999475166165519 1.00000000000000005E-004
2250.9513466399999 0.99999484650722215 1.00000000000000005E-004
2250.9611075200000 0.99999493880367973 1.00000000000000005E-004
2250.9708684299999 0.99999502864157219 1.00000000000000005E-004
2250.9806293900001 0.99999511610753611 1.00000000000000005E-004
2250.9903903999998 0.99999520128436903 1.00000000000000005E-004
2251.0001514400001 0.99999528425122852 1.00000000000000005E-004
2251.0099125299998 0.99999536508395470 1.00000000000000005E-004
2251.0196736600001 0.99999544385514161 1.00000000000000005E-004
2251.0294348299999 0.99999552063429897 1.00000000000000005E-004
2251.0391960400002 0.99999559548807904 1.00000000000000005E-004
2251.0489573000000 0.99999566848037025 1.00000000000000005E-004
2251.0587185999998 0.99999573967238009 1.00000000000000005E-004
2251.0684799400001 0.99999580912281827 1.00000000000000005E-004
2251.0782413200000 0.99999587688806624 1.00000000000000005E-004
2251.0880027500002 0.99999594302222261 1.00000000000000005E-004
2251.0977642100002 0.99999600757721474 1.00000000000000005E-004
2251.1075257200000 0.99999607060297713 1.00000000000000005E-004
2251.1172872799998 0.99999613214744554 1.00000000000000005E-004
2251.1270488700002 0.99999619225665048 1.00000000000000005E-004
2251.1368105100000 0.99999625097490219 1.00000000000000005E-004
2251.1465721899999 0.99999630834479969 1.00000000000000005E-004
2251.1563339099998 0.99999636440730566 1.00000000000000005E-004
2251.1660956699998 0.99999641920187610 1.00000000000000005E-004
2251.1758574800001 0.99999647276648862 1.00000000000000005E-004
2251.1856193300000 0.99999652513766957 1.00000000000000005E-004
2251.1953812199999 0.99999657635060002 1.00000000000000005E-004
2251.2051431499999 0.99999662643921072 1.00000000000000005E-004
2251.2149051299998 0.99999667543620308 1.00000000000000005E-004
2251.2246671500002 0.99999672337305723 1.00000000000000005E-004
2251.2344292100001 0.99999677028012524 1.00000000000000005E-004
2251.2441913100001 0.99999681618669889 1.00000000000000005E-004
2251.2539534500002 0.99999686112105624 1.00000000000000005E-004
2251.2637156400001 0.99999690511048089 1.00000000000000005E-004
2251.2734778700001 0.99999694818127560 1.00000000000000005E-004
2251.2832401400001 0.99999699035884337 1.00000000000000005E-004
2251.2930024600000 0.99999703166771614 1.00000000000000005E-004
2251.3027648100001 0.99999707213158051 1.00000000000000005E-004
2251.3125272100001 0.99999711177334794 1.00000000000000005E-004
2251.3222896500001 0.99999715061515715 1.00000000000000005E-004
2251.3320521400001 0.99999718867837828 1.00000000000000005E-004
2251.3418146600002 0.99999722598367180 1.00000000000000005E-004
2251.3515772300002 0.99999726255104548 1.00000000000000005E-004
2251.3613398399998 0.99999729839985319 1.00000000000000005E-004
2251.3711024999998 0.99999733354878917 1.00000000000000005E-004
2251.3808651899999 0.99999736801594497 1.00000000000000005E-004
2251.3906279299999 0.99999740181885310 1.00000000000000005E-004
2251.4003907100000 0.99999743497448046 1.00000000000000005E-004
2251.4101535300001 0.99999746749925045 1.00000000000000005E-004
2251.4199164000001 0.99999749940906790 1.00000000000000005E-004
2251.4296792999999 0.99999753071933128 1.00000000000000005E-004
2251.4394422500000 0.99999756144498153 1.00000000000000005E-004
2251.4492052400001 0.99999759160049639 1.00000000000000005E-004
2251.4589682800001 0.99999762119988744 1.00000000000000005E-004
2251.4687313499999 0.99999765025673526 1.00000000000000005E-004
2251.4784944700000 0.99999767878423329 1.00000000000000005E-004
2251.4882576300001 0.99999770679517475 1.00000000000000005E-004
2251.4980208400002 0.99999773430194872 1.00000000000000005E-004
2251.5077840800000 0.99999776131657392 1.00000000000000005E-004
2251.5175473700001 0.99999778785073190 1.00000000000000005E-004
2251.5273106999998 0.99999781391575226 1.00000000000000005E-004
2251.5370740700000 0.99999783952263355 1.00000000000000005E-004
2251.5468374900001 0.99999786468206087 1.00000000000000005E-004
2251.5566009499998 0.99999788940439127 1.00000000000000005E-004
2251.5663644500000 0.99999791369968205 1.00000000000000005E-004
2251.5761279899998 0.99999793757771482 1.00000000000000005E-004
2251.5858915700001 0.99999796104800220 1.00000000000000005E-004
2251.5956551999998 0.99999798411978558 1.00000000000000005E-004
2251.6054188700000 0.99999800680202677 1.00000000000000005E-004
2251.6151825799998 0.99999802910344104 1.00000000000000005E-004
2251.6249463300001 0.99999805103251371 1.00000000000000005E-004
2251.6347101299998 0.99999807259749940 1.00000000000000005E-004
2251.6444739700000 0.99999809380640658 1.00000000000000005E-004
2251.6542378499998 0.99999811466702337 1.00000000000000005E-004
2251.6640017700001 0.99999813518694536 1.00000000000000005E-004
2251.6737657399999 0.99999815537355985 1.00000000000000005E-004
2251.6835297500002 0.99999817523404111 1.00000000000000005E-004
2251.6932938000000 0.99999819477536889 1.00000000000000005E-004
2251.7030578899999 0.99999821400434652 1.00000000000000005E-004
2251.7128220200002 0.99999823292760359 1.00000000000000005E-004
2251.7225862000000 0.99999825155159638 1.00000000000000005E-004
2251.7323504199999 0.99999826988259599 1.00000000000000005E-004
2251.7421146800002 0.99999828792671619 1.00000000000000005E-004
2251.7518789900000 0.99999830568991266 1.00000000000000005E-004
2251.7616433300000 1.0000000000000000 1.00000000000000005E-004
2251.7714077199998 1.0000000000000000 1.00000000000000005E-004
2251.7811721500002 1.0000000000000000 1.00000000000000005E-004
2251.7909366300000 1.0000000000000000 1.00000000000000005E-004
2251.8007011400000 1.0000000000000000 1.00000000000000005E-004
2251.8104656999999 1.0000000000000000 1.00000000000000005E-004
2251.8202302999998 1.0000000000000000 1.00000000000000005E-004
2251.8299949399998 1.0000000000000000 1.00000000000000005E-004
2251.8397596300001 1.0000000000000000 1.00000000000000005E-004
2251.8495243600000 1.0000000000000000 1.00000000000000005E-004
2251.8592891300000 1.0000000000000000 1.00000000000000005E-004
2251.8690539400000 1.0000000000000000 1.00000000000000005E-004
2251.8788187900000 1.0000000000000000 1.00000000000000005E-004
2251.8885836899999 1.0000000000000000 1.00000000000000005E-004
2251.8983486299999 1.0000000000000000 1.00000000000000005E-004
2251.9081136099999 1.0000000000000000 1.00000000000000005E-004
2251.9178786399998 1.0000000000000000 1.00000000000000005E-004
2251.9276436999999 1.0000000000000000 1.00000000000000005E-004
2251.9374088099999 1.0000000000000000 1.00000000000000005E-004
2251.9471739599999 1.0000000000000000 1.00000000000000005E-004
