2597.7866076300002 1.0000000000000000 1.00000000000000005E-004
2597.7978724999998 1.0000000000000000 1.00000000000000005E-004
2597.8091374199998 1.0000000000000000 1.00000000000000005E-004
2597.8204023899998 1.0000000000000000 1.00000000000000005E-004
2597.8316673999998 1.0000000000000000 1.00000000000000005E-004
2597.8429324700001 1.0000000000000000 1.00000000000000005E-004
2597.8541975799999 1.0000000000000000 1.00000000000000005E-004
2597.8654627400001 1.0000000000000000 1.00000000000000005E-004
2597.8767279499998 1.0000000000000000 1.00000000000000005E-004
2597.8879932099999 1.0000000000000000 1.00000000000000005E-004
2597.8992585199999 1.0000000000000000 1.00000000000000005E-004
2597.9105238699999 1.0000000000000000 1.00000000000000005E-004
2597.9217892800002 1.0000000000000000 1.00000000000000005E-004
2597.9330547300001 1.0000000000000000 1.00000000000000005E-004
2597.9443202399998 1.0000000000000000 1.00000000000000005E-004
2597.9555857900000 1.0000000000000000 1.00000000000000005E-004
2597.9668513900001 1.0000000000000000 1.00000000000000005E-004
2597.9781170400001 1.0000000000000000 1.00000000000000005E-004
2597.9893827400001 1.0000000000000000 1.00000000000000005E-004
2598.0006484900000 1.0000000000000000 1.00000000000000005E-004
2598.0119142799999 0.99973544851883522 1.00000000000000005E-004
2598.0231801300001 0.99973266462346688 1.00000000000000005E-004
2598.0344460199999 0.99972983656235792 1.00000000000000005E-004
2598.0457119700000 0.99972696339650369 1.00000000000000005E-004
2598.0569779600000 0.99972404416260963 1.00000000000000005E-004
2598.0682440000000 0.99972107787047737 1.00000000000000005E-004
2598.0795100900000 0.99971806350217340 1.00000000000000005E-004
2598.0907762299998 0.99971500001313174 1.00000000000000005E-004
2598.1020424200001 0.99971188633130526 1.00000000000000005E-004
2598.1133086499999 0.99970872135423339 1.00000000000000005E-004
2598.1245749400000 0.99970550394814806 1.00000000000000005E-004
2598.1358412700001 0.99970223294933325 1.00000000000000005E-004
2598.1471076500002 0.99969890715973453 1.00000000000000005E-004
2598.1583740900001 0.99969552534785244 1.00000000000000005E-004
2598.1696405700000 0.99969208625063632 1.00000000000000005E-004
2598.1809070999998 0.99968858856827569 1.00000000000000005E-004
2598.1921736700001 0.99968503096110517 1.00000000000000005E-004
2598.2034402999998 0.99968141204996364 1.00000000000000005E-004
2598.2147069799998 0.99967773041926433 1.00000000000000005E-004
2598.2259736999999 0.99967398461243140 1.00000000000000005E-004
2598.2372404799999 0.99967017312454309 1.00000000000000005E-004
2598.2485072999998 0.99966629432040788 1.00000000000000005E-004
2598.2597741700001 0.99966234536607423 1.00000000000000005E-004
2598.2710410899999 0.99965831535497973 1.00000000000000005E-004
2598.2823080600001 0.99965416654241646 1.00000000000000005E-004
2598.2935750800002 0.99964983523498752 1.00000000000000005E-004
2598.3048421399999 0.99964531550875835 1.00000000000000005E-004
2598.3161092599998 0.99964072132893012 1.00000000000000005E-004
2598.3273764199998 0.99963615997257160 1.00000000000000005E-004
2598.3386436400001 0.99963161820756308 1.00000000000000005E-004
2598.3499108999999 0.99962703400686170 1.00000000000000005E-004
2598.3611782100002 0.99962237299377754 1.00000000000000005E-004
2598.3724455699999 0.99961762518304065 1.00000000000000005E-004
2598.3837129799999 0.99961278735527626 1.00000000000000005E-004
2598.3949804399999 0.99960785714851075 1.00000000000000005E-004
2598.4062479400000 0.99960283219280510 1.00000000000000005E-004
2598.4175154999998 0.99959771004280673 1.00000000000000005E-004
2598.4287831000001 0.99959248817524393 1.00000000000000005E-004
2598.4400507599998 0.99958716398507264 1.00000000000000005E-004
2598.4513184600000 0.99958173478305279 1.00000000000000005E-004
2598.4625862100002 0.99957619778913021 1.00000000000000005E-004
2598.4738540100002 0.99957055012922968 1.00000000000000005E-004
2598.4851218600002 0.99956478883598965 1.00000000000000005E-004
2598.4963897500002 0.99955891083987780 1.00000000000000005E-004
2598.5076577000000 0.99955291296373661 1.00000000000000005E-004
2598.5189257000002 0.99954679192729290 1.00000000000000005E-004
2598.5301937400000 0.99954054433939166 1.00000000000000005E-004
2598.5414618300001 0.99953416668541317 1.00000000000000005E-004
2598.5527299700002 0.99952765532710819 1.00000000000000005E-004
2598.5639981600002 0.99952100650035980 1.00000000000000005E-004
2598.5752664000001 0.99951421630799298 1.00000000000000005E-004
2598.5865346900000 0.99950728071354111 1.00000000000000005E-004
2598.5978030299998 0.99950019553583014 1.00000000000000005E-004
2598.6090714200000 0.99949295644477598 1.00000000000000005E-004
2598.6203398500002 0.99948555895154734 1.00000000000000005E-004
2598.6316083299998 0.99947799839541174 1.00000000000000005E-004
2598.6428768699998 0.99947026994561494 1.00000000000000005E-004
2598.6541454500002 0.99946236859851678 1.00000000000000005E-004
2598.6654140800001 0.99945428915820367 1.00000000000000005E-004
2598.6766827599999 0.99944602622931811 1.00000000000000005E-004
2598.6879514900002 0.99943757421524926 1.00000000000000005E-004
2598.6992202599999 0.99942892730211452 1.00000000000000005E-004
2598.7104890900000 0.99942007944786226 1.00000000000000005E-004
2598.7217579600001 0.99941102437684137 1.00000000000000005E-004
2598.7330268900000 0.99940175556758815 1.00000000000000005E-004
2598.7442958600000 0.99939226624262323 1.00000000000000005E-004
2598.7555648799998 0.99938254935021142 1.00000000000000005E-004
2598.7668339500001 0.99937259755118357 1.00000000000000005E-004
2598.7781030699998 0.99936240321159497 1.00000000000000005E-004
2598.7893722399999 0.99935195838841784 1.00000000000000005E-004
2598.8006414500001 0.99934125480715974 1.00000000000000005E-004
2598.8119107200000 0.99933028384494993 1.00000000000000005E-004
2598.8231800300000 0.99931903651974174 1.00000000000000005E-004
2598.8344493999998 0.99930750347054054 1.00000000000000005E-004
2598.8457188100001 0.99929567493981741 1.00000000000000005E-004
2598.8569882699999 0.99928354074557280 1.00000000000000005E-004
2598.8682577800000 0.99927109025929506 1.00000000000000005E-004
2598.8795273400001 0.99925831239081253 1.00000000000000005E-004
2598.8907969500001 0.99924519556404368 1.00000000000000005E-004
2598.9020666000001 0.99923172768210289 1.00000000000000005E-004
2598.9133363100000 0.99921789609870892 1.00000000000000005E-004
2598.9246060599999 0.99920368759675005 1.00000000000000005E-004
2598.9358758700000 0.99918908835496556 1.00000000000000005E-004
2598.9471457200002 0.99917408391674423 1.00000000000000005E-004
2598.9584156199999 0.99915865914506530 1.00000000000000005E-004
2598.9696855699999 0.99914279818410323 1.00000000000000005E-004
2598.9809555699999 0.99912648442872731 1.00000000000000005E-004
2598.9922256200002 0.99910970048154657 1.00000000000000005E-004
2599.0034957100002 0.99909242809584387 1.00000000000000005E-004
2599.0147658599999 0.99907464812617020 1.00000000000000005E-004
2599.0260360500001 0.99905634048825509 1.00000000000000005E-004
2599.0373062899998 0.99903748408365978 1.00000000000000005E-004
2599.0485765899998 0.99901805674995814 1.00000000000000005E-004
2599.0598469299998 0.99899803521322250 1.00000000000000005E-004
2599.0711173200002 0.99897739499540494 1.00000000000000005E-004
2599.0823877500002 0.99895611032798826 1.00000000000000005E-004
2599.0936582400000 0.99893415408054087 1.00000000000000005E-004
2599.1049287800001 0.99891149770093213 1.00000000000000005E-004
2599.1161993599999 0.99888811110420128 1.00000000000000005E-004
2599.1274699999999 0.99886396255822263 1.00000000000000005E-004
2599.1387406800000 0.99883901859996560 1.00000000000000005E-004
2599.1500114099999 0.99881324390159432 1.00000000000000005E-004
2599.1612821899998 0.99878660114280360 1.00000000000000005E-004
2599.1725530200001 0.99875905089061223 1.00000000000000005E-004
2599.1838238999999 0.99873055145005873 1.00000000000000005E-004
2599.1950948300000 0.99870105871108061 1.00000000000000005E-004
2599.2063658000002 0.99867052596044514 1.00000000000000005E-004
2599.2176368300002 0.99863890369728459 1.00000000000000005E-004
2599.2289079000002 0.99860613945505572 1.00000000000000005E-004
2599.2401790200001 0.99857217755031791 1.00000000000000005E-004
2599.2514501999999 0.99853695886538885 1.00000000000000005E-004
2599.2627214200002 0.99850042062289357 1.00000000000000005E-004
2599.2739926899999 0.99846249606439452 1.00000000000000005E-004
2599.2852640000001 0.99842311412346629 1.00000000000000005E-004
2599.2965353700001 0.99838219910824821 1.00000000000000005E-004
2599.3078067900001 0.99833967038700600 1.00000000000000005E-004
2599.3190782500001 0.99829544195663467 1.00000000000000005E-004
2599.3303497699999 0.99824942197987621 1.00000000000000005E-004
2599.3416213300002 0.99820151235280219 1.00000000000000005E-004
2599.3528929399999 0.99815160814659909 1.00000000000000005E-004
2599.3641646000001 0.99809959702801454 1.00000000000000005E-004
2599.3754363100002 0.99804535865845312 1.00000000000000005E-004
2599.3867080700002 0.99798876399823400 1.00000000000000005E-004
2599.3979798700002 0.99792967449646663 1.00000000000000005E-004
2599.4092517300001 0.99786794122828260 1.00000000000000005E-004
2599.4205236399998 0.99780340404516144 1.00000000000000005E-004
2599.4317955900001 0.99773589050270062 1.00000000000000005E-004
2599.4430675899998 0.99766521462033608 1.00000000000000005E-004
2599.4543396399999 0.99759117564480038 1.00000000000000005E-004
2599.4656117400000 0.99751355665282915 1.00000000000000005E-004
2599.4768838900000 0.99743212294097672 1.00000000000000005E-004
2599.4881560899998 0.99734662024525733 1.00000000000000005E-004
2599.4994283400001 0.99725677276919245 1.00000000000000005E-004
2599.5107006300000 0.99716228090153569 1.00000000000000005E-004
2599.5219729800001 0.99706281871249525 1.00000000000000005E-004
2599.5332453699998 0.99695803121044579 1.00000000000000005E-004
2599.5445178099999 0.99684753107520230 1.00000000000000005E-004
2599.5557902999999 0.99673089503542867 1.00000000000000005E-004
2599.5670628500002 0.99660765996595524 1.00000000000000005E-004
2599.5783354300002 0.99647731820820240 1.00000000000000005E-004
2599.5896080699999 0.99633931213225080 1.00000000000000005E-004
2599.6008807600001 0.99619302835000312 1.00000000000000005E-004
2599.6121534899999 0.99603779085932753 1.00000000000000005E-004
2599.6234262799999 0.99587285307640461 1.00000000000000005E-004
2599.6346991099999 0.99569738894623638 1.00000000000000005E-004
2599.6459719899999 0.99551048237676365 1.00000000000000005E-004
2599.6572449300002 0.99531111532180006 1.00000000000000005E-004
2599.6685179100000 0.99509815402452384 1.00000000000000005E-004
2599.6797909400002 0.99487033257291302 1.00000000000000005E-004
2599.6910640100000 0.99462623382599358 1.00000000000000005E-004
2599.7023371400001 0.99436426731659822 1.00000000000000005E-004
2599.7136103200000 0.99408264350333797 1.00000000000000005E-004
2599.7248835400001 0.99377934282641422 1.00000000000000005E-004
2599.7361568100000 0.99345207875826180 1.00000000000000005E-004
2599.7474301399998 0.99309825476989111 1.00000000000000005E-004
2599.7587035100000 0.99271491266851097 1.00000000000000005E-004
2599.7699769300002 0.99229866973224934 1.00000000000000005E-004
2599.7812503999999 0.99184564346301574 1.00000000000000005E-004
2599.7925239100000 0.99135136009342917 1.00000000000000005E-004
2599.8037974800000 0.99081064275173736 1.00000000000000005E-004
2599.8150710999998 0.99021747510405622 1.00000000000000005E-004
2599.8263447600002 0.98956483167098430 1.00000000000000005E-004
2599.8376184700001 0.98884446608785515 1.00000000000000005E-004
2599.8488922400002 0.98804664783326435 1.00000000000000005E-004
2599.8601660499999 0.98715982935881119 1.00000000000000005E-004
2599.8714399099999 0.98617022042976632 1.00000000000000005E-004
2599.8827138199999 0.98506124286349206 1.00000000000000005E-004
2599.8939877700000 0.98381282297999351 1.00000000000000005E-004
2599.9052617799998 0.98240046402944514 1.00000000000000005E-004
2599.9165358400001 0.98079401949342571 1.00000000000000005E-004
2599.9278099399999 0.97895604414186110 1.00000000000000005E-004
2599.9390840900001 0.97683954986219212 1.00000000000000005E-004
2599.9503583000001 0.97438491479811762 1.00000000000000005E-004
2599.9616325500001 0.97151554649797156 1.00000000000000005E-004
2599.9729068500001 0.96813167867982486 1.00000000000000005E-004
2599.9841812000000 0.96410132776588420 1.00000000000000005E-004
2599.9954555899999 0.95924678976124944 1.00000000000000005E-004
2600.0067300400001 0.95332392757771356 1.00000000000000005E-004
2600.0180045400002 0.94598938669106236 1.00000000000000005E-004
2600.0292790799999 0.93674646001957529 1.00000000000000005E-004
2600.0405536799999 0.92484714341920948 1.00000000000000005E-004
2600.0518283199999 0.90904876643348020 1.00000000000000005E-004
2600.0631030099998 0.88661720775992936 1.00000000000000005E-004
2600.0743777500002 0.84927720285797115 1.00000000000000005E-004
2600.0856525400000 0.77460146750713998 1.00000000000000005E-004
2600.0969273800001 0.62937054402314241 1.00000000000000005E-004
2600.1082022599999 0.41427964347746937 1.00000000000000005E-004
2600.1194771999999 0.20091892691043756 1.00000000000000005E-004
2600.1307521799999 6.66437776395418235E-002 1.00000000000000005E-004
2600.1420272199998 1.43580796633157523E-002 1.00000000000000005E-004
2600.1533023000002 1.94093833986585043E-003 1.00000000000000005E-004
2600.1645774300000 1.63363003959985037E-004 1.00000000000000005E-004
2600.1758526100002 7.00480156022474849E-005 1.00000000000000005E-004
2600.1871278399999 8.87035589157530589E-004 1.00000000000000005E-004
2600.1984031200000 7.71989703484947300E-003 1.00000000000000005E-004
2600.2096784400001 4.17890459151335214E-002 1.00000000000000005E-004
2600.2209538200000 0.14499752816471198 1.00000000000000005E-004
2600.2322292399999 0.33737225203477900 1.00000000000000005E-004
2600.2435047200001 0.56251361859025084 1.00000000000000005E-004
2600.2547802399999 0.73487759314019696 1.00000000000000005E-004
2600.2660558100001 0.82994120521474279 1.00000000000000005E-004
2600.2773314299998 0.87642728765522360 1.00000000000000005E-004
2600.2886070999998 0.90245216194515765 1.00000000000000005E-004
2600.2998828200002 0.92003856343230295 1.00000000000000005E-004
2600.3111585800002 0.93307442460664736 1.00000000000000005E-004
2600.3224344000000 0.94311245201323579 1.00000000000000005E-004
2600.3337102599999 0.95102514829678886 1.00000000000000005E-004
2600.3449861800000 0.95737948200767964 1.00000000000000005E-004
2600.3562621400001 0.96256296041524148 1.00000000000000005E-004
2600.3675381500002 0.96684868794400181 1.00000000000000005E-004
2600.3788142100002 0.97043397470570458 1.00000000000000005E-004
2600.3900903200001 0.97346441992553179 1.00000000000000005E-004
2600.4013664800000 0.97604945922786512 1.00000000000000005E-004
2600.4126426900002 0.97827268790817823 1.00000000000000005E-004
2600.4239189400000 0.98019888697417301 1.00000000000000005E-004
2600.4351952500001 0.98187890569784253 1.00000000000000005E-004
2600.4464716000002 0.98335312024502597 1.00000000000000005E-004
2600.4577479999998 0.98465392931534812 1.00000000000000005E-004
2600.4690244499998 0.98580757949976849 1.00000000000000005E-004
2600.4803009500001 0.98683551910221146 1.00000000000000005E-004
2600.4915774999999 0.98775541651602028 1.00000000000000005E-004
2600.5028541000001 0.98858193427389407 1.00000000000000005E-004
2600.5141307499998 0.98932732370466681 1.00000000000000005E-004
2600.5254074400000 0.99000188694257008 1.00000000000000005E-004
2600.5366841900000 0.99061433827691159 1.00000000000000005E-004
2600.5479609800000 0.99117208914628629 1.00000000000000005E-004
2600.5592378199999 0.99168147600534473 1.00000000000000005E-004
2600.5705147200001 0.99214794218351809 1.00000000000000005E-004
2600.5817916599999 0.99257618464495723 1.00000000000000005E-004
2600.5930686500001 0.99297027416856731 1.00000000000000005E-004
2600.6043456799998 0.99333375323911843 1.00000000000000005E-004
2600.6156227699998 0.99366971617095134 1.00000000000000005E-004
2600.6268999099998 0.99398087517189715 1.00000000000000005E-004
2600.6381770900002 0.99426961591461371 1.00000000000000005E-004
2600.6494543300000 0.99453804383015265 1.00000000000000005E-004
2600.6607316099999 0.99478802248446174 1.00000000000000005E-004
2600.6720089400001 0.99502120637406399 1.00000000000000005E-004
2600.6832863200002 0.99523906849248789 1.00000000000000005E-004
2600.6945637499998 0.99544292359771158 1.00000000000000005E-004
2600.7058412299998 0.99563394820262652 1.00000000000000005E-004
2600.7171187499998 0.99581319780287236 1.00000000000000005E-004
2600.7283963300001 0.99598162155242909 1.00000000000000005E-004
2600.7396739599999 0.99614007463881082 1.00000000000000005E-004
2600.7509516300001 0.99628932932740288 1.00000000000000005E-004
2600.7622293499999 0.99643008462255522 1.00000000000000005E-004
2600.7735071200000 0.99656297436777486 1.00000000000000005E-004
2600.7847849499999 0.99668857423884105 1.00000000000000005E-004
2600.7960628100000 0.99680740812275381 1.00000000000000005E-004
2600.8073407299999 0.99691995378339049 1.00000000000000005E-004
2600.8186187000001 0.99702664749613734 1.00000000000000005E-004
2600.8298967199999 0.99712788822984233 1.00000000000000005E-004
2600.8411747800001 0.99722404155373934 1.00000000000000005E-004
2600.8524529000001 0.99731544292252183 1.00000000000000005E-004
2600.8637310600002 0.99740240052908158 1.00000000000000005E-004
2600.8750092700002 0.99748519798716739 1.00000000000000005E-004
2600.8862875300001 0.99756409665521772 1.00000000000000005E-004
2600.8975658400000 0.99763933765518509 1.00000000000000005E-004
2600.9088442000002 0.99771114373533898 1.00000000000000005E-004
2600.9201226099999 0.99777972091568390 1.00000000000000005E-004
2600.9314010600001 0.99784526001366691 1.00000000000000005E-004
2600.9426795700001 0.99790793797173660 1.00000000000000005E-004
2600.9539581200002 0.99796791901375881 1.00000000000000005E-004
2600.9652367300000 0.99802535573597273 1.00000000000000005E-004
2600.9765153799999 0.99808039007400007 1.00000000000000005E-004
2600.9877940800002 0.99813315421588034 1.00000000000000005E-004
2600.9990728299999 0.99818377139103198 1.00000000000000005E-004
2601.0103516300001 0.99823235655007325 1.00000000000000005E-004
2601.0216304700002 0.99827901706440292 1.00000000000000005E-004
2601.0329093700002 0.99832385332760876 1.00000000000000005E-004
2601.0441883200001 0.99836695922994234 1.00000000000000005E-004
2601.0554673100000 0.99840842268470820 1.00000000000000005E-004
2601.0667463499999 0.99844832613848922 1.00000000000000005E-004
2601.0780254500000 0.99848674691803829 1.00000000000000005E-004
2601.0893045900002 0.99852375758116707 1.00000000000000005E-004
2601.1005837799999 0.99855942631554373 1.00000000000000005E-004
2601.1118630199999 0.99859381723992013 1.00000000000000005E-004
2601.1231422999999 0.99862699069142202 1.00000000000000005E-004
2601.1344216399998 0.99865900350143166 1.00000000000000005E-004
2601.1457010300001 0.99868990919603606 1.00000000000000005E-004
2601.1569804599999 0.99871975824839820 1.00000000000000005E-004
2601.1682599500000 0.99874859830295692 1.00000000000000005E-004
2601.1795394800001 0.99877647433484984 1.00000000000000005E-004
2601.1908190600002 0.99880342884744133 1.00000000000000005E-004
2601.2020986900002 0.99882950203488297 1.00000000000000005E-004
2601.2133783700001 0.99885473191463348 1.00000000000000005E-004
2601.2246580999999 0.99887915446735931 1.00000000000000005E-004
2601.2359378699998 0.99890280378222540 1.00000000000000005E-004
2601.2472177000000 0.99892571217560433 1.00000000000000005E-004
2601.2584975700001 0.99894791028665719 1.00000000000000005E-004
2601.2697775000001 0.99896942718393589 1.00000000000000005E-004
2601.2810574700002 0.99899029045798293 1.00000000000000005E-004
2601.2923374900001 0.99901052632297338 1.00000000000000005E-004
2601.3036175600000 0.99903015969839293 1.00000000000000005E-004
2601.3148976799998 0.99904921427320548 1.00000000000000005E-004
2601.3261778500000 0.99906771258094629 1.00000000000000005E-004
2601.3374580700001 0.99908567606417276 1.00000000000000005E-004
2601.3487383299998 0.99910312514753130 1.00000000000000005E-004
2601.3600186499998 0.99912007929422164 1.00000000000000005E-004
2601.3712990099998 0.99913655704748372 1.00000000000000005E-004
2601.3825794200002 0.99915257609878116 1.00000000000000005E-004
2601.3938598899999 0.99916815332497033 1.00000000000000005E-004
2601.4051404000002 0.99918330481945827 1.00000000000000005E-004
2601.4164209599999 0.99919804595333561 1.00000000000000005E-004
2601.4277015600001 0.99921239142116558 1.00000000000000005E-004
2601.4389822200001 0.99922635526932124 1.00000000000000005E-004
2601.4502629300000 0.99923995091351758 1.00000000000000005E-004
2601.4615436800000 0.99925319118407241 1.00000000000000005E-004
2601.4728244900002 0.99926608836441133 1.00000000000000005E-004
2601.4841053400000 0.99927865420574236 1.00000000000000005E-004
2601.4953862399998 0.99929089996346288 1.00000000000000005E-004
2601.5066671899999 0.99930283642276418 1.00000000000000005E-004
2601.5179481900000 0.99931447391532091 1.00000000000000005E-004
2601.5292292399999 0.99932582234428924 1.00000000000000005E-004
2601.5405103399999 0.99933689120549474 1.00000000000000005E-004
2601.5517914900001 0.99934768960526665 1.00000000000000005E-004
2601.5630726800000 0.99935822628552795 1.00000000000000005E-004
2601.5743539300001 0.99936850964047819 1.00000000000000005E-004
2601.5856352199999 0.99937854772479795 1.00000000000000005E-004
2601.5969165600000 0.99938834827798528 1.00000000000000005E-004
2601.6081979500000 0.99939791873977191 1.00000000000000005E-004
2601.6194793899999 0.99940726625848197 1.00000000000000005E-004
2601.6307608799998 0.99941639770643886 1.00000000000000005E-004
2601.6420424200001 0.99942531969267356 1.00000000000000005E-004
2601.6533240099998 0.99943403857319835 1.00000000000000005E-004
2601.6646056400000 0.99944256046738322 1.00000000000000005E-004
2601.6758873300000 0.99945089126801079 1.00000000000000005E-004
2601.6871690600001 0.99945903664521618 1.00000000000000005E-004
2601.6984508400001 0.99946700206471673 1.00000000000000005E-004
2601.7097326799999 0.99947479279188556 1.00000000000000005E-004
2601.7210145600002 0.99948241389374448 1.00000000000000005E-004
2601.7322964900000 0.99948987025690816 1.00000000000000005E-004
2601.7435784600002 0.99949716659890875 1.00000000000000005E-004
2601.7548604899998 0.99950430747154684 1.00000000000000005E-004
2601.7661425699998 0.99951129725935639 1.00000000000000005E-004
2601.7774246899999 0.99951814019291618 1.00000000000000005E-004
2601.7887068700002 0.99952484035948186 1.00000000000000005E-004
2601.7999890900001 0.99953140170196764 1.00000000000000005E-004
2601.8112713599999 0.99953782802974867 1.00000000000000005E-004
2601.8225536800001 0.99954412302446116 1.00000000000000005E-004
2601.8338360500002 0.99955029024144360 1.00000000000000005E-004
2601.8451184700002 0.99955633311578351 1.00000000000000005E-004
2601.8564009400002 0.99956225496626872 1.00000000000000005E-004
2601.8676834500002 0.99956805900363754 1.00000000000000005E-004
2601.8789660200000 0.99957374833477952 1.00000000000000005E-004
2601.8902486299999 0.99957932596329091 1.00000000000000005E-004
2601.9015313000000 0.99958479479439710 1.00000000000000005E-004
2601.9128140100001 0.99959015763802128 1.00000000000000005E-004
2601.9240967699998 0.99959541721576173 1.00000000000000005E-004
2601.9353795799998 0.99960057616411657 1.00000000000000005E-004
2601.9466624400002 0.99960563703423577 1.00000000000000005E-004
2601.9579453500000 0.99961060229522625 1.00000000000000005E-004
2601.9692282999999 0.99961547434068232 1.00000000000000005E-004
2601.9805113100001 0.99962025549646571 1.00000000000000005E-004
2601.9917943599999 0.99962494812834923 1.00000000000000005E-004
2602.0030774699999 0.99962955592959524 1.00000000000000005E-004
2602.0143606199999 0.99963409165427852 1.00000000000000005E-004
2602.0256438199999 0.99963859598744553 1.00000000000000005E-004
2602.0369270699998 0.99964313032491081 1.00000000000000005E-004
2602.0482103700001 0.99964768720883046 1.00000000000000005E-004
2602.0594937199999 0.99965214456116203 1.00000000000000005E-004
2602.0707771100001 0.99965640612125994 1.00000000000000005E-004
2602.0820605600002 0.99966049689082503 1.00000000000000005E-004
2602.0933440600002 0.99966447934296232 1.00000000000000005E-004
2602.1046276000002 0.99966838480568898 1.00000000000000005E-004
2602.1159111900001 0.99967222161917557 1.00000000000000005E-004
2602.1271948300000 0.99967599215361136 1.00000000000000005E-004
2602.1384785199998 0.99967969797832101 1.00000000000000005E-004
2602.1497622600000 0.99968334056763120 1.00000000000000005E-004
2602.1610460500001 0.99968692135233250 1.00000000000000005E-004
2602.1723298900001 0.99969044172279664 1.00000000000000005E-004
2602.1836137800001 0.99969390302961325 1.00000000000000005E-004
2602.1948977100001 0.99969730658693523 1.00000000000000005E-004
2602.2061816999999 0.99970065367343441 1.00000000000000005E-004
2602.2174657300002 0.99970394553074293 1.00000000000000005E-004
2602.2287498100000 0.99970718336737285 1.00000000000000005E-004
2602.2400339400001 0.99971036836000637 1.00000000000000005E-004
2602.2513181200002 0.99971350165267114 1.00000000000000005E-004
2602.2626023500002 0.99971658435842903 1.00000000000000005E-004
2602.2738866300001 0.99971961756038397 1.00000000000000005E-004
2602.2851709600000 0.99972260231205790 1.00000000000000005E-004
2602.2964553299998 0.99972553964005040 1.00000000000000005E-004
2602.3077397600000 0.99972843054466698 1.00000000000000005E-004
2602.3190242300002 0.99973127599838107 1.00000000000000005E-004
2602.3303087499999 0.99973407694904248 1.00000000000000005E-004
2602.3415933199999 1.0000000000000000 1.00000000000000005E-004
2602.3528779399999 1.0000000000000000 1.00000000000000005E-004
2602.3641626100002 1.0000000000000000 1.00000000000000005E-004
2602.3754473300000 1.0000000000000000 1.00000000000000005E-004
2602.3867320999998 1.0000000000000000 1.00000000000000005E-004
2602.3980169100000 1.0000000000000000 1.00000000000000005E-004
2602.4093017800001 1.0000000000000000 1.00000000000000005E-004
2602.4205866900002 1.0000000000000000 1.00000000000000005E-004
2602.4318716600001 1.0000000000000000 1.00000000000000005E-004
2602.4431566700000 1.0000000000000000 1.00000000000000005E-004
2602.4544417299999 1.0000000000000000 1.00000000000000005E-004
2602.4657268400001 1.0000000000000000 1.00000000000000005E-004
2602.4770119999998 1.0000000000000000 1.00000000000000005E-004
2602.4882972000000 1.0000000000000000 1.00000000000000005E-004
2602.4995824600001 1.0000000000000000 1.00000000000000005E-004
2602.5108677700000 1.0000000000000000 1.00000000000000005E-004
2602.5221531200000 1.0000000000000000 1.00000000000000005E-004
2602.5334385199999 1.0000000000000000 1.00000000000000005E-004
2602.5447239800001 1.0000000000000000 1.00000000000000005E-004
2602.5560094799998 1.0000000000000000 1.00000000000000005E-004
