1606.9712632599999 1.0000000000000000 1.00000000000000005E-004
1606.9782316200001 1.0000000000000000 1.00000000000000005E-004
1606.9852000100000 1.0000000000000000 1.00000000000000005E-004
1606.9921684300000 1.0000000000000000 1.00000000000000005E-004
1606.9991368900000 1.0000000000000000 1.00000000000000005E-004
1607.0061053699999 1.0000000000000000 1.00000000000000005E-004
1607.0130738900000 1.0000000000000000 1.00000000000000005E-004
1607.0200424300001 1.0000000000000000 1.00000000000000005E-004
1607.0270109999999 1.0000000000000000 1.00000000000000005E-004
1607.0339796100000 1.0000000000000000 1.00000000000000005E-004
1607.0409482400000 1.0000000000000000 1.00000000000000005E-004
1607.0479169099999 1.0000000000000000 1.00000000000000005E-004
1607.0548856000000 1.0000000000000000 1.00000000000000005E-004
1607.0618543300000 1.0000000000000000 1.00000000000000005E-004
1607.0688230900000 1.0000000000000000 1.00000000000000005E-004
1607.0757918700001 1.0000000000000000 1.00000000000000005E-004
1607.0827606900000 1.0000000000000000 1.00000000000000005E-004
1607.0897295300001 1.0000000000000000 1.00000000000000005E-004
1607.0966984100000 1.0000000000000000 1.00000000000000005E-004
1607.1036673200001 1.0000000000000000 1.00000000000000005E-004
1607.1106362500000 0.99997586515231685 1.00000000000000005E-004
1607.1176052200001 0.99997561190327278 1.00000000000000005E-004
1607.1245742200001 0.99997535464775378 1.00000000000000005E-004
1607.1315432500000 0.99997509330096290 1.00000000000000005E-004
1607.1385123099999 0.99997482777585356 1.00000000000000005E-004
1607.1454813900000 0.99997455798284851 1.00000000000000005E-004
1607.1524505100001 0.99997428382969378 1.00000000000000005E-004
1607.1594196599999 0.99997400522190383 1.00000000000000005E-004
1607.1663888400001 0.99997372206259916 1.00000000000000005E-004
1607.1733580499999 0.99997343425211926 1.00000000000000005E-004
1607.1803272899999 0.99997314168802298 1.00000000000000005E-004
1607.1872965600000 0.99997284426503452 1.00000000000000005E-004
1607.1942658600001 0.99997254187495344 1.00000000000000005E-004
1607.2012351900000 0.99997223440655170 1.00000000000000005E-004
1607.2082045499999 0.99997192174547134 1.00000000000000005E-004
1607.2151739400001 0.99997160377411720 1.00000000000000005E-004
1607.2221433600000 0.99997128037154548 1.00000000000000005E-004
1607.2291128100001 0.99997095141335179 1.00000000000000005E-004
1607.2360822900000 0.99997061677155730 1.00000000000000005E-004
1607.2430518000001 0.99997027631447510 1.00000000000000005E-004
1607.2500213400001 0.99996992990653799 1.00000000000000005E-004
1607.2569909100000 0.99996957740804360 1.00000000000000005E-004
1607.2639605200000 0.99996921867539934 1.00000000000000005E-004
1607.2709301499999 0.99996885356111198 1.00000000000000005E-004
1607.2778998100000 0.99996848191289012 1.00000000000000005E-004
1607.2848695000000 0.99996810357347177 1.00000000000000005E-004
1607.2918392300001 0.99996771838125442 1.00000000000000005E-004
1607.2988089800001 0.99996732617010986 1.00000000000000005E-004
1607.3057787600001 0.99996692676827903 1.00000000000000005E-004
1607.3127485800001 0.99996651999871244 1.00000000000000005E-004
1607.3197184200001 0.99996610567942634 1.00000000000000005E-004
1607.3266882900000 0.99996568362222960 1.00000000000000005E-004
1607.3336581999999 0.99996525363298761 1.00000000000000005E-004
1607.3406281299999 0.99996481551185856 1.00000000000000005E-004
1607.3475980999999 0.99996436905251762 1.00000000000000005E-004
1607.3545680899999 0.99996391404200324 1.00000000000000005E-004
1607.3615381200000 0.99996345026050693 1.00000000000000005E-004
1607.3685081700000 0.99996297748111729 1.00000000000000005E-004
1607.3754782599999 0.99996249546954341 1.00000000000000005E-004
1607.3824483700000 0.99996200398382562 1.00000000000000005E-004
1607.3894185199999 0.99996150277401652 1.00000000000000005E-004
1607.3963886900001 0.99996099158181584 1.00000000000000005E-004
1607.4033589000001 0.99996047014011780 1.00000000000000005E-004
1607.4103291399999 0.99995993817334383 1.00000000000000005E-004
1607.4172994000000 0.99995939539651213 1.00000000000000005E-004
1607.4242697000000 0.99995884151414072 1.00000000000000005E-004
1607.4312400300000 0.99995827622102140 1.00000000000000005E-004
1607.4382103900000 0.99995769919695687 1.00000000000000005E-004
1607.4451807700000 0.99995710999618082 1.00000000000000005E-004
1607.4521511900000 0.99995650674814596 1.00000000000000005E-004
1607.4591216399999 0.99995587830941335 1.00000000000000005E-004
1607.4660921200000 0.99995518491089730 1.00000000000000005E-004
1607.4730626300000 0.99995436457612474 1.00000000000000005E-004
1607.4800331700001 0.99995342316771285 1.00000000000000005E-004
1607.4870037400001 0.99995248295728689 1.00000000000000005E-004
1607.4939743299999 0.99995164366114397 1.00000000000000005E-004
1607.5009449600000 0.99995088463811355 1.00000000000000005E-004
1607.5079156199999 0.99995014637855495 1.00000000000000005E-004
1607.5148863100001 0.99994939923742576 1.00000000000000005E-004
1607.5218570300001 0.99994863607153672 1.00000000000000005E-004
1607.5288277800000 0.99994785556673704 1.00000000000000005E-004
1607.5357985700000 0.99994705713706977 1.00000000000000005E-004
1607.5427693800000 0.99994624022807421 1.00000000000000005E-004
1607.5497402200001 0.99994540426497303 1.00000000000000005E-004
1607.5567110899999 0.99994454865000282 1.00000000000000005E-004
1607.5636819900001 0.99994367276217055 1.00000000000000005E-004
1607.5706529199999 0.99994277595575032 1.00000000000000005E-004
1607.5776238799999 0.99994185755867449 1.00000000000000005E-004
1607.5845948799999 0.99994091687225817 1.00000000000000005E-004
1607.5915659000000 0.99993995317024753 1.00000000000000005E-004
1607.5985369499999 0.99993896569547236 1.00000000000000005E-004
1607.6055080300000 0.99993795365829030 1.00000000000000005E-004
1607.6124791499999 0.99993691623713199 1.00000000000000005E-004
1607.6194502900000 0.99993585257683404 1.00000000000000005E-004
1607.6264214600001 0.99993476178433882 1.00000000000000005E-004
1607.6333926699999 0.99993364292813292 1.00000000000000005E-004
1607.6403639000000 0.99993249503748483 1.00000000000000005E-004
1607.6473351699999 0.99993131709892435 1.00000000000000005E-004
1607.6543064600000 0.99993010805423843 1.00000000000000005E-004
1607.6612777900000 0.99992886679818727 1.00000000000000005E-004
1607.6682491399999 0.99992759217600902 1.00000000000000005E-004
1607.6752205299999 0.99992628298073205 1.00000000000000005E-004
1607.6821919399999 0.99992493795031978 1.00000000000000005E-004
1607.6891633900000 0.99992355576457759 1.00000000000000005E-004
1607.6961348600000 0.99992213504178418 1.00000000000000005E-004
1607.7031063699999 0.99992067433487830 1.00000000000000005E-004
1607.7100779100001 0.99991917212966708 1.00000000000000005E-004
1607.7170494699999 0.99991762683939345 1.00000000000000005E-004
1607.7240210699999 0.99991603679864483 1.00000000000000005E-004
1607.7309926999999 0.99991440026292899 1.00000000000000005E-004
1607.7379643500001 0.99991271540184889 1.00000000000000005E-004
1607.7449360400001 0.99991098029152203 1.00000000000000005E-004
1607.7519077600000 0.99990919291288205 1.00000000000000005E-004
1607.7588795100000 0.99990735114576657 1.00000000000000005E-004
1607.7658512900000 0.99990545276142095 1.00000000000000005E-004
1607.7728230900000 0.99990349541423551 1.00000000000000005E-004
1607.7797949300000 0.99990147663385287 1.00000000000000005E-004
1607.7867667999999 0.99989939382121096 1.00000000000000005E-004
1607.7937386999999 0.99989724423961479 1.00000000000000005E-004
1607.8007106299999 0.99989502500350624 1.00000000000000005E-004
1607.8076825900000 0.99989273306939996 1.00000000000000005E-004
1607.8146545800000 0.99989036522568397 1.00000000000000005E-004
1607.8216265999999 0.99988791808139266 1.00000000000000005E-004
1607.8285986500000 0.99988538805403282 1.00000000000000005E-004
1607.8355707300000 0.99988277135647252 1.00000000000000005E-004
1607.8425428400001 0.99988006398266871 1.00000000000000005E-004
1607.8495149800001 0.99987726169194235 1.00000000000000005E-004
1607.8564871500000 0.99987435999131113 1.00000000000000005E-004
1607.8634593600000 0.99987135412057027 1.00000000000000005E-004
1607.8704315900000 0.99986823903410416 1.00000000000000005E-004
1607.8774038500001 0.99986500937372658 1.00000000000000005E-004
1607.8843761400001 0.99986165944593675 1.00000000000000005E-004
1607.8913484600000 0.99985818319900266 1.00000000000000005E-004
1607.8983208200000 0.99985457419822477 1.00000000000000005E-004
1607.9052932000000 0.99985082559683858 1.00000000000000005E-004
1607.9122656100001 0.99984693009502590 1.00000000000000005E-004
1607.9192380600000 0.99984287990931442 1.00000000000000005E-004
1607.9262105299999 0.99983866673908461 1.00000000000000005E-004
1607.9331830300000 0.99983428171320554 1.00000000000000005E-004
1607.9401555699999 0.99982971534788878 1.00000000000000005E-004
1607.9471281300000 0.99982495750009803 1.00000000000000005E-004
1607.9541007299999 0.99981999730539439 1.00000000000000005E-004
1607.9610733500001 0.99981482311664926 1.00000000000000005E-004
1607.9680460100001 0.99980942243583792 1.00000000000000005E-004
1607.9750186900001 0.99980378183850116 1.00000000000000005E-004
1607.9819914100001 0.99979788688976579 1.00000000000000005E-004
1607.9889641499999 0.99979172205104527 1.00000000000000005E-004
1607.9959369300000 0.99978527057561450 1.00000000000000005E-004
1608.0029097400000 0.99977851440284371 1.00000000000000005E-004
1608.0098825699999 0.99977143402471713 1.00000000000000005E-004
1608.0168554400000 0.99976400833554846 1.00000000000000005E-004
1608.0238283399999 0.99975621449264973 1.00000000000000005E-004
1608.0308012600001 0.99974802773049654 1.00000000000000005E-004
1608.0377742200001 0.99973942115123937 1.00000000000000005E-004
1608.0447472100000 0.99973036552196948 1.00000000000000005E-004
1608.0517202300000 0.99972082902581538 1.00000000000000005E-004
1608.0586932700000 0.99971077691148336 1.00000000000000005E-004
1608.0656663499999 0.99970017046454995 1.00000000000000005E-004
1608.0726394599999 0.99968896143924535 1.00000000000000005E-004
1608.0796126000000 0.99967707429405095 1.00000000000000005E-004
1608.0865857700001 0.99966439670041618 1.00000000000000005E-004
1608.0935589700000 0.99965084722582798 1.00000000000000005E-004
1608.1005322000001 0.99963646063457190 1.00000000000000005E-004
1608.1075054600001 0.99962129460009796 1.00000000000000005E-004
1608.1144787500000 0.99960528755402045 1.00000000000000005E-004
1608.1214520700000 0.99958830058313375 1.00000000000000005E-004
1608.1284254200000 0.99957020511357475 1.00000000000000005E-004
1608.1353988000001 0.99955088963968097 1.00000000000000005E-004
1608.1423722100001 0.99953023995886003 1.00000000000000005E-004
1608.1493456500000 0.99950812991328730 1.00000000000000005E-004
1608.1563191200000 0.99948441817270084 1.00000000000000005E-004
1608.1632926299999 0.99945894587198547 1.00000000000000005E-004
1608.1702661600000 0.99943153393125639 1.00000000000000005E-004
1608.1772397200000 0.99940197982243528 1.00000000000000005E-004
1608.1842133099999 0.99937005378408228 1.00000000000000005E-004
1608.1911869300000 0.99933549431902791 1.00000000000000005E-004
1608.1981605900000 0.99929800279802905 1.00000000000000005E-004
1608.2051342699999 0.99925723693221069 1.00000000000000005E-004
1608.2121079799999 0.99921280275393187 1.00000000000000005E-004
1608.2190817300000 0.99916424499645085 1.00000000000000005E-004
1608.2260555000000 0.99911103529523748 1.00000000000000005E-004
1608.2330293099999 0.99905255751086885 1.00000000000000005E-004
1608.2400031400000 0.99898808958454810 1.00000000000000005E-004
1608.2469770000000 0.99891678071708223 1.00000000000000005E-004
1608.2539509000001 0.99883762275174959 1.00000000000000005E-004
1608.2609248199999 0.99874941379862137 1.00000000000000005E-004
1608.2678987800000 0.99865071137647909 1.00000000000000005E-004
1608.2748727600001 0.99853977185087228 1.00000000000000005E-004
1608.2818467800000 0.99841447114164028 1.00000000000000005E-004
1608.2888208300001 0.99827219997192218 1.00000000000000005E-004
1608.2957948999999 0.99810972314508273 1.00000000000000005E-004
1608.3027690100000 0.99792298829967518 1.00000000000000005E-004
1608.3097431500000 0.99770686287501142 1.00000000000000005E-004
1608.3167173100001 0.99745476445369008 1.00000000000000005E-004
1608.3236915099999 0.99715813240531370 1.00000000000000005E-004
1608.3306657400001 0.99680565764138573 1.00000000000000005E-004
1608.3376400000000 0.99638213001158349 1.00000000000000005E-004
1608.3446142800001 0.99586666427201254 1.00000000000000005E-004
1608.3515886000000 0.99522987953342124 1.00000000000000005E-004
1608.3585629500001 0.99442922506393316 1.00000000000000005E-004
1608.3655373300001 0.99340065017143298 1.00000000000000005E-004
1608.3725117399999 0.99203908636059346 1.00000000000000005E-004
1608.3794861800000 0.99010188627628726 1.00000000000000005E-004
1608.3864606499999 0.98649892681397511 1.00000000000000005E-004
1608.3934351500000 0.97538350507833060 1.00000000000000005E-004
1608.4004096799999 0.93461449443154698 1.00000000000000005E-004
1608.4073842400001 0.81814620507748825 1.00000000000000005E-004
1608.4143588300001 0.59643109023231200 1.00000000000000005E-004
1608.4213334500000 0.32820906376584114 1.00000000000000005E-004
1608.4283081000001 0.12591072667079606 1.00000000000000005E-004
1608.4352827800001 3.18476104798999862E-002 1.00000000000000005E-004
1608.4422574900000 5.12302429730242172E-003 1.00000000000000005E-004
1608.4492322300000 6.55798377178487958E-004 1.00000000000000005E-004
1608.4562069999999 1.88982788354475338E-003 1.00000000000000005E-004
1608.4631818099999 1.44261764496984041E-002 1.00000000000000005E-004
1608.4701566399999 7.01657905320599434E-002 1.00000000000000005E-004
1608.4771315000000 0.22073101084462302 1.00000000000000005E-004
1608.4841063900001 0.47041181597319781 1.00000000000000005E-004
1608.4910813199999 0.72707545013053965 1.00000000000000005E-004
1608.4980562700000 0.89298781604496691 1.00000000000000005E-004
1608.5050312500000 0.96246111843097626 1.00000000000000005E-004
1608.5120062700000 0.98304295606671166 1.00000000000000005E-004
1608.5189813100001 0.98878981794470489 1.00000000000000005E-004
1608.5259563899999 0.99123796464626035 1.00000000000000005E-004
1608.5329314900000 0.99281786027508367 1.00000000000000005E-004
1608.5399066299999 0.99398410507694124 1.00000000000000005E-004
1608.5468817900000 0.99488094693256313 1.00000000000000005E-004
1608.5538569900000 0.99558756571978857 1.00000000000000005E-004
1608.5608322099999 0.99615511639235099 1.00000000000000005E-004
1608.5678074699999 0.99661835793568665 1.00000000000000005E-004
1608.5747827499999 0.99700168530994804 1.00000000000000005E-004
1608.5817580700000 0.99732267521417517 1.00000000000000005E-004
1608.5887334199999 0.99759427572243442 1.00000000000000005E-004
1608.5957087899999 0.99782620956611756 1.00000000000000005E-004
1608.6026842000001 0.99802590073595743 1.00000000000000005E-004
1608.6096596400000 0.99819910158162994 1.00000000000000005E-004
1608.6166350999999 0.99835032817630631 1.00000000000000005E-004
1608.6236105999999 0.99848316812003257 1.00000000000000005E-004
1608.6305861300000 0.99860050155850155 1.00000000000000005E-004
1608.6375616900000 0.99870466310685480 1.00000000000000005E-004
1608.6445372799999 0.99879756199635916 1.00000000000000005E-004
1608.6515128999999 0.99888077217812521 1.00000000000000005E-004
1608.6584885499999 0.99895560082726820 1.00000000000000005E-004
1608.6654642200001 0.99902314109367873 1.00000000000000005E-004
1608.6724399300001 0.99908431298915756 1.00000000000000005E-004
1608.6794156700000 0.99913989528227265 1.00000000000000005E-004
1608.6863914400001 0.99919055084097863 1.00000000000000005E-004
1608.6933672400000 0.99923684684954217 1.00000000000000005E-004
1608.7003430699999 0.99927927096231839 1.00000000000000005E-004
1608.7073189400001 0.99931824430863181 1.00000000000000005E-004
1608.7142948300000 0.99935413210550128 1.00000000000000005E-004
1608.7212707500000 0.99938725242004933 1.00000000000000005E-004
1608.7282467000000 0.99941788329652281 1.00000000000000005E-004
1608.7352226800001 0.99944626863543040 1.00000000000000005E-004
1608.7421986899999 0.99947262313159979 1.00000000000000005E-004
1608.7491747399999 0.99949713635766324 1.00000000000000005E-004
1608.7561508100000 0.99951997621002986 1.00000000000000005E-004
1608.7631269100000 0.99954129186874674 1.00000000000000005E-004
1608.7701030400001 0.99956121633385420 1.00000000000000005E-004
1608.7770792100000 0.99957986951266309 1.00000000000000005E-004
1608.7840553999999 0.99959736668864485 1.00000000000000005E-004
1608.7910316200000 0.99961383801153758 1.00000000000000005E-004
1608.7980078799999 0.99962942738828131 1.00000000000000005E-004
1608.8049841600000 0.99964421057251751 1.00000000000000005E-004
1608.8119604799999 0.99965813926453029 1.00000000000000005E-004
1608.8189368200001 0.99967117169692221 1.00000000000000005E-004
1608.8259132000001 0.99968338279676106 1.00000000000000005E-004
1608.8328896000000 0.99969488834953246 1.00000000000000005E-004
1608.8398660400001 0.99970576918079057 1.00000000000000005E-004
1608.8468425000001 0.99971607654838346 1.00000000000000005E-004
1608.8538189999999 0.99972585097087896 1.00000000000000005E-004
1608.8607955299999 0.99973512866005199 1.00000000000000005E-004
1608.8677720799999 0.99974394274441247 1.00000000000000005E-004
1608.8747486699999 0.99975232364211319 1.00000000000000005E-004
1608.8817252900001 0.99976029930415888 1.00000000000000005E-004
1608.8887019300000 0.99976789546077738 1.00000000000000005E-004
1608.8956786100000 0.99977513584057465 1.00000000000000005E-004
1608.9026553199999 0.99978204233890156 1.00000000000000005E-004
1608.9096320599999 0.99978863518601646 1.00000000000000005E-004
1608.9166088300001 0.99979493310153800 1.00000000000000005E-004
1608.9235856200000 0.99980095343240061 1.00000000000000005E-004
1608.9305624500000 0.99980671227334550 1.00000000000000005E-004
1608.9375393099999 0.99981222456305086 1.00000000000000005E-004
1608.9445162000000 0.99981750418432835 1.00000000000000005E-004
1608.9514931199999 0.99982256405808489 1.00000000000000005E-004
1608.9584700700000 0.99982741622063820 1.00000000000000005E-004
1608.9654470500000 0.99983207189484591 1.00000000000000005E-004
1608.9724240600001 0.99983654155509472 1.00000000000000005E-004
1608.9794010999999 0.99984083498644905 1.00000000000000005E-004
1608.9863781700001 0.99984496133852863 1.00000000000000005E-004
1608.9933552699999 0.99984892917490065 1.00000000000000005E-004
1609.0003323999999 0.99985274651882816 1.00000000000000005E-004
1609.0073095700000 0.99985642088972593 1.00000000000000005E-004
1609.0142867600000 0.99985995933947802 1.00000000000000005E-004
1609.0212639800000 0.99986336849395019 1.00000000000000005E-004
1609.0282412300000 0.99986665458346247 1.00000000000000005E-004
1609.0352185199999 0.99986982346390296 1.00000000000000005E-004
1609.0421958300001 0.99987288064338919 1.00000000000000005E-004
1609.0491731699999 0.99987583131320612 1.00000000000000005E-004
1609.0561505400001 0.99987868036951755 1.00000000000000005E-004
1609.0631279500001 0.99988143242757554 1.00000000000000005E-004
1609.0701053800001 0.99988409184169813 1.00000000000000005E-004
1609.0770828499999 0.99988666272563509 1.00000000000000005E-004
1609.0840603400000 0.99988914896753522 1.00000000000000005E-004
1609.0910378700000 0.99989155424433074 1.00000000000000005E-004
1609.0980154199999 0.99989388203530039 1.00000000000000005E-004
1609.1049930100000 0.99989613563471347 1.00000000000000005E-004
1609.1119706200000 0.99989831816350938 1.00000000000000005E-004
1609.1189482699999 0.99990043258019368 1.00000000000000005E-004
1609.1259259399999 0.99990248169106444 1.00000000000000005E-004
1609.1329036499999 0.99990446815997247 1.00000000000000005E-004
1609.1398813900000 0.99990639451445251 1.00000000000000005E-004
1609.1468591500000 0.99990826315594628 1.00000000000000005E-004
1609.1538369499999 0.99991007636949059 1.00000000000000005E-004
1609.1608147800000 0.99991183632579161 1.00000000000000005E-004
1609.1677926299999 0.99991354509024422 1.00000000000000005E-004
1609.1747705200000 0.99991520463139416 1.00000000000000005E-004
1609.1817484400001 0.99991681682271105 1.00000000000000005E-004
1609.1887263900001 0.99991838344836570 1.00000000000000005E-004
1609.1957043699999 0.99991990620973159 1.00000000000000005E-004
1609.2026823799999 0.99992138672898667 1.00000000000000005E-004
1609.2096604100000 0.99992282655486198 1.00000000000000005E-004
1609.2166384800000 0.99992422716706597 1.00000000000000005E-004
1609.2236165800000 0.99992558997729941 1.00000000000000005E-004
1609.2305947100001 0.99992691633342357 1.00000000000000005E-004
1609.2375728699999 0.99992820752433287 1.00000000000000005E-004
1609.2445510600000 0.99992946478275713 1.00000000000000005E-004
1609.2515292800001 0.99993068928842499 1.00000000000000005E-004
1609.2585075400000 0.99993188216946816 1.00000000000000005E-004
1609.2654858200001 0.99993304450470288 1.00000000000000005E-004
1609.2724641299999 0.99993417732838941 1.00000000000000005E-004
1609.2794424700000 0.99993528163205780 1.00000000000000005E-004
1609.2864208399999 0.99993635836556505 1.00000000000000005E-004
1609.2933992400001 0.99993740843985857 1.00000000000000005E-004
1609.3003776800001 0.99993843272793692 1.00000000000000005E-004
1609.3073561399999 0.99993943206651037 1.00000000000000005E-004
1609.3143346300001 0.99994040725999112 1.00000000000000005E-004
1609.3213131600000 0.99994135908063209 1.00000000000000005E-004
1609.3282917100000 0.99994228826881193 1.00000000000000005E-004
1609.3352702899999 0.99994319553698474 1.00000000000000005E-004
1609.3422489100001 0.99994408156988368 1.00000000000000005E-004
1609.3492275500000 0.99994494702487513 1.00000000000000005E-004
1609.3562062300000 0.99994579253436011 1.00000000000000005E-004
1609.3631849300000 0.99994661870671386 1.00000000000000005E-004
1609.3701636700000 0.99994742612730636 1.00000000000000005E-004
1609.3771424300000 0.99994821536002110 1.00000000000000005E-004
1609.3841212299999 0.99994898696440737 1.00000000000000005E-004
1609.3911000500000 0.99994974178229912 1.00000000000000005E-004
1609.3980789100001 0.99995048362150851 1.00000000000000005E-004
1609.4050577900000 0.99995123140473829 1.00000000000000005E-004
1609.4120367099999 0.99995203650886555 1.00000000000000005E-004
1609.4190156600000 0.99995294699807225 1.00000000000000005E-004
1609.4259946400000 0.99995390712727594 1.00000000000000005E-004
1609.4329736400000 0.99995478109980496 1.00000000000000005E-004
1609.4399526800000 0.99995551620157319 1.00000000000000005E-004
1609.4469317500000 0.99995616337460513 1.00000000000000005E-004
1609.4539108500001 0.99995677519627513 1.00000000000000005E-004
1609.4608899800000 0.99995737077101166 1.00000000000000005E-004
1609.4678691300001 0.99995795378971231 1.00000000000000005E-004
1609.4748483200001 0.99995852490795523 1.00000000000000005E-004
1609.4818275400000 0.99995908446394288 1.00000000000000005E-004
1609.4888067899999 0.99995963276794630 1.00000000000000005E-004
1609.4957860699999 0.99996017011965777 1.00000000000000005E-004
1609.5027653800000 0.99996069680891009 1.00000000000000005E-004
1609.5097447200001 0.99996121311600217 1.00000000000000005E-004
1609.5167240900000 0.99996171931206768 1.00000000000000005E-004
1609.5237034899999 0.99996221565950338 1.00000000000000005E-004
1609.5306829199999 0.99996270241246854 1.00000000000000005E-004
1609.5376623899999 0.99996317981667993 1.00000000000000005E-004
1609.5446418800000 0.99996364810957272 1.00000000000000005E-004
1609.5516213999999 0.99996410752153120 1.00000000000000005E-004
1609.5586009500000 0.99996455827603936 1.00000000000000005E-004
1609.5655805300000 0.99996500058958404 1.00000000000000005E-004
1609.5725601500001 0.99996543467160071 1.00000000000000005E-004
1609.5795397899999 0.99996586072470806 1.00000000000000005E-004
1609.5865194600001 0.99996627894591905 1.00000000000000005E-004
1609.5934991700001 0.99996668952624679 1.00000000000000005E-004
1609.6004789000001 0.99996709265038064 1.00000000000000005E-004
1609.6074586600000 0.99996748849796979 1.00000000000000005E-004
1609.6144384600000 0.99996787724332947 1.00000000000000005E-004
1609.6214182799999 0.99996825905521913 1.00000000000000005E-004
1609.6283981399999 0.99996863409753878 1.00000000000000005E-004
1609.6353780200000 0.99996900252940157 1.00000000000000005E-004
1609.6423579400000 0.99996936450528828 1.00000000000000005E-004
1609.6493378800001 0.99996972017522157 1.00000000000000005E-004
1609.6563178599999 0.99997006968500346 1.00000000000000005E-004
1609.6632978700000 0.99997041317592239 1.00000000000000005E-004
1609.6702779000000 0.99997075078526876 1.00000000000000005E-004
1609.6772579700000 0.99997108264687251 1.00000000000000005E-004
1609.6842380700000 0.99997140889034697 1.00000000000000005E-004
1609.6912181900000 0.99997172964166936 1.00000000000000005E-004
1609.6981983500000 0.99997204502375514 1.00000000000000005E-004
1609.7051785399999 0.99997235515583871 1.00000000000000005E-004
1609.7121587600000 0.99997266015363195 1.00000000000000005E-004
1609.7191390099999 0.99997296012967452 1.00000000000000005E-004
1609.7261192799999 0.99997325519364988 1.00000000000000005E-004
1609.7330995899999 0.99997354545254824 1.00000000000000005E-004
1609.7400799300001 0.99997383101018011 1.00000000000000005E-004
1609.7470602999999 0.99997411196738650 1.00000000000000005E-004
1609.7540406999999 0.99997438842244901 1.00000000000000005E-004
1609.7610211300000 0.99997466047106931 1.00000000000000005E-004
1609.7680015900000 0.99997492820641254 1.00000000000000005E-004
1609.7749820800000 0.99997519171919180 1.00000000000000005E-004
1609.7819626000000 0.99997545109777508 1.00000000000000005E-004
1609.7889431500000 0.99997570642834788 1.00000000000000005E-004
1609.7959237400000 1.0000000000000000 1.00000000000000005E-004
1609.8029043500001 1.0000000000000000 1.00000000000000005E-004
1609.8098849900000 1.0000000000000000 1.00000000000000005E-004
1609.8168656600001 1.0000000000000000 1.00000000000000005E-004
1609.8238463600001 1.0000000000000000 1.00000000000000005E-004
1609.8308271000001 1.0000000000000000 1.00000000000000005E-004
1609.8378078600001 1.0000000000000000 1.00000000000000005E-004
1609.8447886500001 1.0000000000000000 1.00000000000000005E-004
1609.8517694800000 1.0000000000000000 1.00000000000000005E-004
1609.8587503300000 1.0000000000000000 1.00000000000000005E-004
1609.8657312099999 1.0000000000000000 1.00000000000000005E-004
1609.8727121300001 1.0000000000000000 1.00000000000000005E-004
1609.8796930700000 1.0000000000000000 1.00000000000000005E-004
1609.8866740500000 1.0000000000000000 1.00000000000000005E-004
1609.8936550500000 1.0000000000000000 1.00000000000000005E-004
1609.9006360900000 1.0000000000000000 1.00000000000000005E-004
1609.9076171500001 1.0000000000000000 1.00000000000000005E-004
1609.9145982499999 1.0000000000000000 1.00000000000000005E-004
1609.9215793799999 1.0000000000000000 1.00000000000000005E-004
1609.9285605299999 1.0000000000000000 1.00000000000000005E-004
