2584.2702855799998 1.0000000000000000 1.00000000000000005E-004
2584.2814918300000 1.0000000000000000 1.00000000000000005E-004
2584.2926981400001 1.0000000000000000 1.00000000000000005E-004
2584.3039044900001 1.0000000000000000 1.00000000000000005E-004
2584.3151109000000 1.0000000000000000 1.00000000000000005E-004
2584.3263173500000 1.0000000000000000 1.00000000000000005E-004
2584.3375238499998 1.0000000000000000 1.00000000000000005E-004
2584.3487304000000 1.0000000000000000 1.00000000000000005E-004
2584.3599369899998 1.0000000000000000 1.00000000000000005E-004
2584.3711436399999 1.0000000000000000 1.00000000000000005E-004
2584.3823503300000 1.0000000000000000 1.00000000000000005E-004
2584.3935570799999 1.0000000000000000 1.00000000000000005E-004
2584.4047638699999 1.0000000000000000 1.00000000000000005E-004
2584.4159707099998 1.0000000000000000 1.00000000000000005E-004
2584.4271776000001 1.0000000000000000 1.00000000000000005E-004
2584.4383845399998 1.0000000000000000 1.00000000000000005E-004
2584.4495915200000 1.0000000000000000 1.00000000000000005E-004
2584.4607985600001 1.0000000000000000 1.00000000000000005E-004
2584.4720056400001 1.0000000000000000 1.00000000000000005E-004
2584.4832127700001 1.0000000000000000 1.00000000000000005E-004
2584.4944199500001 0.99992415755011632 1.00000000000000005E-004
2584.5056271799999 0.99992336159178297 1.00000000000000005E-004
2584.5168344600002 0.99992255303940913 1.00000000000000005E-004
2584.5280417899999 0.99992173162622244 1.00000000000000005E-004
2584.5392491600001 0.99992089707823029 1.00000000000000005E-004
2584.5504565800002 0.99992004911329468 1.00000000000000005E-004
2584.5616640600001 0.99991918744196573 1.00000000000000005E-004
2584.5728715800001 0.99991831176784163 1.00000000000000005E-004
2584.5840791500000 0.99991742178621412 1.00000000000000005E-004
2584.5952867599999 0.99991651718330776 1.00000000000000005E-004
2584.6064944300001 0.99991559763644089 1.00000000000000005E-004
2584.6177021499998 0.99991466281494568 1.00000000000000005E-004
2584.6289099099999 0.99991371237927862 1.00000000000000005E-004
2584.6401177200000 0.99991274597948976 1.00000000000000005E-004
2584.6513255800000 0.99991176325563558 1.00000000000000005E-004
2584.6625334900000 0.99991076383790978 1.00000000000000005E-004
2584.6737414499999 0.99990974734610838 1.00000000000000005E-004
2584.6849494600001 0.99990871338940401 1.00000000000000005E-004
2584.6961575099999 0.99990766156535638 1.00000000000000005E-004
2584.7073656200000 0.99990659145958094 1.00000000000000005E-004
2584.7185737700001 0.99990550264620726 1.00000000000000005E-004
2584.7297819700002 0.99990439468659698 1.00000000000000005E-004
2584.7409902200002 0.99990326712888511 1.00000000000000005E-004
2584.7521985200001 0.99990211950842811 1.00000000000000005E-004
2584.7634068600000 0.99990095134641310 1.00000000000000005E-004
2584.7746152599998 0.99989976214924570 1.00000000000000005E-004
2584.7858237000000 0.99989855140873474 1.00000000000000005E-004
2584.7970322000001 0.99989731860137598 1.00000000000000005E-004
2584.8082407400002 0.99989606318801583 1.00000000000000005E-004
2584.8194493300002 0.99989478461257864 1.00000000000000005E-004
2584.8306579700002 0.99989348230172892 1.00000000000000005E-004
2584.8418666500002 0.99989215566421175 1.00000000000000005E-004
2584.8530753900000 0.99989080408987718 1.00000000000000005E-004
2584.8642841699998 0.99988942694969296 1.00000000000000005E-004
2584.8754930099999 0.99988802359480455 1.00000000000000005E-004
2584.8867018900000 0.99988659335602681 1.00000000000000005E-004
2584.8979108200001 0.99988513554228231 1.00000000000000005E-004
2584.9091198000001 0.99988364944007913 1.00000000000000005E-004
2584.9203288200001 0.99988213431261996 1.00000000000000005E-004
2584.9315379000000 0.99988058939853797 1.00000000000000005E-004
2584.9427470199998 0.99987901391176559 1.00000000000000005E-004
2584.9539562000000 0.99987740704030525 1.00000000000000005E-004
2584.9651654200002 0.99987576794544564 1.00000000000000005E-004
2584.9763746899998 0.99987409575968866 1.00000000000000005E-004
2584.9875840099999 0.99987238958569113 1.00000000000000005E-004
2584.9987933799998 0.99987064849644081 1.00000000000000005E-004
2585.0100027899998 0.99986887153262594 1.00000000000000005E-004
2585.0212122600001 0.99986705770128248 1.00000000000000005E-004
2585.0324217699999 0.99986520597587192 1.00000000000000005E-004
2585.0436313300002 0.99986331529335226 1.00000000000000005E-004
2585.0548409399998 0.99986138455247187 1.00000000000000005E-004
2585.0660505999999 0.99985941261328293 1.00000000000000005E-004
2585.0772603099999 0.99985739829526599 1.00000000000000005E-004
2585.0884700699999 0.99985534037601276 1.00000000000000005E-004
2585.0996798699998 0.99985323758842382 1.00000000000000005E-004
2585.1108897200002 0.99985108861699634 1.00000000000000005E-004
2585.1220996299999 0.99984889209839656 1.00000000000000005E-004
2585.1333095800001 0.99984664662072753 1.00000000000000005E-004
2585.1445195800002 0.99984435071815814 1.00000000000000005E-004
2585.1557296300002 0.99984200286926717 1.00000000000000005E-004
2585.1669397199998 0.99983960149465823 1.00000000000000005E-004
2585.1781498700002 0.99983714495399001 1.00000000000000005E-004
2585.1893600600001 0.99983463154501029 1.00000000000000005E-004
2585.2005703000000 0.99983205949857101 1.00000000000000005E-004
2585.2117805900002 0.99982942697529509 1.00000000000000005E-004
2585.2229909299999 0.99982673206376549 1.00000000000000005E-004
2585.2342013200000 0.99982397277654578 1.00000000000000005E-004
2585.2454117600000 0.99982114704657221 1.00000000000000005E-004
2585.2566222500000 0.99981825272410274 1.00000000000000005E-004
2585.2678327799999 0.99981528757158944 1.00000000000000005E-004
2585.2790433599998 0.99981224925750434 1.00000000000000005E-004
2585.2902539900001 0.99980913535343552 1.00000000000000005E-004
2585.3014646699999 0.99980594333038963 1.00000000000000005E-004
2585.3126754000000 0.99980267055283900 1.00000000000000005E-004
2585.3238861800000 0.99979931427333635 1.00000000000000005E-004
2585.3350970100000 0.99979587162768724 1.00000000000000005E-004
2585.3463078800000 0.99979233962730019 1.00000000000000005E-004
2585.3575188000000 0.99978871514976220 1.00000000000000005E-004
2585.3687297800002 0.99978499493664619 1.00000000000000005E-004
2585.3799408000000 0.99978117558937640 1.00000000000000005E-004
2585.3911518599998 0.99977725355345592 1.00000000000000005E-004
2585.4023629799999 0.99977322510979016 1.00000000000000005E-004
2585.4135741499999 0.99976908637408712 1.00000000000000005E-004
2585.4247853600000 0.99976483328365984 1.00000000000000005E-004
2585.4359966299999 0.99976046158458087 1.00000000000000005E-004
2585.4472079400002 0.99975596682528856 1.00000000000000005E-004
2585.4584193000001 0.99975134434208079 1.00000000000000005E-004
2585.4696307099998 0.99974658924696336 1.00000000000000005E-004
2585.4808421700000 0.99974169641847010 1.00000000000000005E-004
2585.4920536700001 0.99973666048410859 1.00000000000000005E-004
2585.5032652300001 0.99973147580540378 1.00000000000000005E-004
2585.5144768300001 0.99972613646577857 1.00000000000000005E-004
2585.5256884800001 0.99972063624836516 1.00000000000000005E-004
2585.5369001899999 0.99971496862147768 1.00000000000000005E-004
2585.5481119400001 0.99970912672511647 1.00000000000000005E-004
2585.5593237300000 0.99970310333833379 1.00000000000000005E-004
2585.5705355800001 0.99969689085633595 1.00000000000000005E-004
2585.5817474800001 0.99969048127815863 1.00000000000000005E-004
2585.5929594200002 0.99968386613846960 1.00000000000000005E-004
2585.6041714100002 0.99967703590168278 1.00000000000000005E-004
2585.6153834500001 0.99966997547329473 1.00000000000000005E-004
2585.6265955399999 0.99966264810795413 1.00000000000000005E-004
2585.6378076800002 0.99965498345794723 1.00000000000000005E-004
2585.6490198699998 0.99964693775000779 1.00000000000000005E-004
2585.6602321099999 0.99963858603802269 1.00000000000000005E-004
2585.6714443900000 0.99963004550239409 1.00000000000000005E-004
2585.6826567200001 0.99962132476195864 1.00000000000000005E-004
2585.6938691000000 0.99961235292118777 1.00000000000000005E-004
2585.7050815299999 0.99960307375963176 1.00000000000000005E-004
2585.7162940100002 0.99959345944251110 1.00000000000000005E-004
2585.7275065399999 0.99958349157695181 1.00000000000000005E-004
2585.7387191200000 0.99957315244013822 1.00000000000000005E-004
2585.7499317400002 0.99956242334536327 1.00000000000000005E-004
2585.7611444200002 0.99955128441944019 1.00000000000000005E-004
2585.7723571400002 0.99953971451301282 1.00000000000000005E-004
2585.7835699100001 0.99952769109160944 1.00000000000000005E-004
2585.7947827300000 0.99951519012695644 1.00000000000000005E-004
2585.8059955899998 0.99950218597527474 1.00000000000000005E-004
2585.8172085100000 0.99948865124050412 1.00000000000000005E-004
2585.8284214800001 0.99947455664882168 1.00000000000000005E-004
2585.8396344900002 0.99945987088278232 1.00000000000000005E-004
2585.8508475499998 0.99944456038823015 1.00000000000000005E-004
2585.8620606600002 0.99942858919255495 1.00000000000000005E-004
2585.8732738200001 0.99941191870011370 1.00000000000000005E-004
2585.8844870299999 0.99939450745561309 1.00000000000000005E-004
2585.8957002900001 0.99937631088814849 1.00000000000000005E-004
2585.9069135899999 0.99935728101421806 1.00000000000000005E-004
2585.9181269500000 0.99933736612084767 1.00000000000000005E-004
2585.9293403500001 0.99931651042901848 1.00000000000000005E-004
2585.9405538000001 0.99929465368520354 1.00000000000000005E-004
2585.9517673000000 0.99927173072220876 1.00000000000000005E-004
2585.9629808499999 0.99924767098565248 1.00000000000000005E-004
2585.9741944500001 0.99922239799017243 1.00000000000000005E-004
2585.9854080900000 0.99919582869270873 1.00000000000000005E-004
2585.9966217900001 0.99916787280736485 1.00000000000000005E-004
2586.0078355300002 0.99913843205743624 1.00000000000000005E-004
2586.0190493199998 0.99910739928470071 1.00000000000000005E-004
2586.0302631599998 0.99907465746518254 1.00000000000000005E-004
2586.0414770500001 0.99904007861801059 1.00000000000000005E-004
2586.0526909900000 0.99900352254530522 1.00000000000000005E-004
2586.0639049800002 0.99896483541200187 1.00000000000000005E-004
2586.0751190100000 0.99892384810037949 1.00000000000000005E-004
2586.0863330900002 0.99888037431336085 1.00000000000000005E-004
2586.0975472300001 0.99883420849468862 1.00000000000000005E-004
2586.1087614100002 0.99878512341859671 1.00000000000000005E-004
2586.1199756400001 0.99873286731754474 1.00000000000000005E-004
2586.1311899100001 0.99867716059650635 1.00000000000000005E-004
2586.1424042399999 0.99861769208429585 1.00000000000000005E-004
2586.1536186200001 0.99855411473135114 1.00000000000000005E-004
2586.1648330399998 0.99848604047214085 1.00000000000000005E-004
2586.1760475100000 0.99841303416286165 1.00000000000000005E-004
2586.1872620300001 0.99833460660727980 1.00000000000000005E-004
2586.1984766000000 0.99825020631672912 1.00000000000000005E-004
2586.2096912200000 0.99815920970354799 1.00000000000000005E-004
2586.2209058899998 0.99806090945256720 1.00000000000000005E-004
2586.2321206000001 0.99795450056020674 1.00000000000000005E-004
2586.2433353699998 0.99783906365286901 1.00000000000000005E-004
2586.2545501800000 0.99771354496561127 1.00000000000000005E-004
2586.2657650400001 0.99757673187250406 1.00000000000000005E-004
2586.2769799500002 0.99742722315297572 1.00000000000000005E-004
2586.2881949100001 0.99726339264087249 1.00000000000000005E-004
2586.2994099200000 0.99708334427497691 1.00000000000000005E-004
2586.3106249799998 0.99688485633143786 1.00000000000000005E-004
2586.3218400800001 0.99666531151935978 1.00000000000000005E-004
2586.3330552299999 0.99642160875802366 1.00000000000000005E-004
2586.3442704399999 0.99615005157348724 1.00000000000000005E-004
2586.3554856900000 0.99584620489989606 1.00000000000000005E-004
2586.3667009900000 0.99550470911604760 1.00000000000000005E-004
2586.3779163300001 0.99511903697935178 1.00000000000000005E-004
2586.3891317299999 0.99468117250226162 1.00000000000000005E-004
2586.4003471800002 0.99418118138937439 1.00000000000000005E-004
2586.4115626700000 0.99360662706775704 1.00000000000000005E-004
2586.4227782100002 0.99294176570411596 1.00000000000000005E-004
2586.4339937999998 0.99216642009038947 1.00000000000000005E-004
2586.4452094399999 0.99125437278381301 1.00000000000000005E-004
2586.4564251299998 0.99017102410785729 1.00000000000000005E-004
2586.4676408700002 0.98886989771776856 1.00000000000000005E-004
2586.4788566500001 0.98728727938207506 1.00000000000000005E-004
2586.4900724899999 0.98533372166693922 1.00000000000000005E-004
2586.5012883700001 0.98288003104570132 1.00000000000000005E-004
2586.5125042999998 0.97973263084936957 1.00000000000000005E-004
2586.5237202799999 0.97558063394726868 1.00000000000000005E-004
2586.5349363099999 0.96979314267559280 1.00000000000000005E-004
2586.5461523899999 0.96024048129841266 1.00000000000000005E-004
2586.5573685099998 0.93794929016856543 1.00000000000000005E-004
2586.5685846900001 0.87514528022390292 1.00000000000000005E-004
2586.5798009099999 0.72738473952185057 1.00000000000000005E-004
2586.5910171800001 0.48858892452550984 1.00000000000000005E-004
2586.6022335100001 0.24122821326423927 1.00000000000000005E-004
2586.6134498699998 8.13787716282697582E-002 1.00000000000000005E-004
2586.6246662899998 1.78406821532742788E-002 1.00000000000000005E-004
2586.6358827600002 2.46056196663018995E-003 1.00000000000000005E-004
2586.6470992700001 2.76270261171941071E-004 1.00000000000000005E-004
2586.6583158399999 9.95077505403077272E-004 1.00000000000000005E-004
2586.6695324500001 8.64238281695996202E-003 1.00000000000000005E-004
2586.6807491099999 4.71915639823190514E-002 1.00000000000000005E-004
2586.6919658200000 0.16499408232862309 1.00000000000000005E-004
2586.7031825800000 0.38550029276981612 1.00000000000000005E-004
2586.7143993899999 0.64134707526576140 1.00000000000000005E-004
2586.7256162399999 0.82910410122313172 1.00000000000000005E-004
2586.7368331500002 0.92040286389761805 1.00000000000000005E-004
2586.7480501000000 0.95394475907429099 1.00000000000000005E-004
2586.7592671000002 0.96671366474421272 1.00000000000000005E-004
2586.7704841499999 0.97354823522264133 1.00000000000000005E-004
2586.7817012500000 0.97823544296966602 1.00000000000000005E-004
2586.7929184000000 0.98173254556726586 1.00000000000000005E-004
2586.8041355900000 0.98443223844607219 1.00000000000000005E-004
2586.8153528399998 0.98656500996178054 1.00000000000000005E-004
2586.8265701300002 0.98828163336514829 1.00000000000000005E-004
2586.8377874700000 0.98968514309157696 1.00000000000000005E-004
2586.8490048600002 0.99084816105006002 1.00000000000000005E-004
2586.8602222999998 0.99182319089893956 1.00000000000000005E-004
2586.8714397899998 0.99264902020423262 1.00000000000000005E-004
2586.8826573299998 0.99335484329001500 1.00000000000000005E-004
2586.8938749099998 0.99396299619175332 1.00000000000000005E-004
2586.9050925500001 0.99449081630189962 1.00000000000000005E-004
2586.9163102299999 0.99495193491762712 1.00000000000000005E-004
2586.9275279600001 0.99535719445024218 1.00000000000000005E-004
2586.9387457399998 0.99571530969648758 1.00000000000000005E-004
2586.9499635699999 0.99603335202250609 1.00000000000000005E-004
2586.9611814499999 0.99631710932539519 1.00000000000000005E-004
2586.9723993699999 0.99657135704198230 1.00000000000000005E-004
2586.9836173499998 0.99680006425826762 1.00000000000000005E-004
2586.9948353700001 0.99700655213531408 1.00000000000000005E-004
2587.0060534400000 0.99719361737105328 1.00000000000000005E-004
2587.0172715600002 0.99736362884987484 1.00000000000000005E-004
2587.0284897299998 0.99751860395627612 1.00000000000000005E-004
2587.0397079499999 0.99766026952085518 1.00000000000000005E-004
2587.0509262099999 0.99779011083938551 1.00000000000000005E-004
2587.0621445299998 0.99790941120898580 1.00000000000000005E-004
2587.0733628900002 0.99801928402376983 1.00000000000000005E-004
2587.0845813100000 0.99812069914222690 1.00000000000000005E-004
2587.0957997700002 0.99821450455788363 1.00000000000000005E-004
2587.1070182799999 0.99830144439381785 1.00000000000000005E-004
2587.1182368300001 0.99838217388534456 1.00000000000000005E-004
2587.1294554400001 0.99845727181058297 1.00000000000000005E-004
2587.1406741000001 0.99852725088065919 1.00000000000000005E-004
2587.1518928000000 0.99859256664431539 1.00000000000000005E-004
2587.1631115499999 0.99865362505984834 1.00000000000000005E-004
2587.1743303500002 0.99871078879724895 1.00000000000000005E-004
2587.1855492000000 0.99876438264385936 1.00000000000000005E-004
2587.1967681000001 0.99881469817544433 1.00000000000000005E-004
2587.2079870500002 0.99886199775551754 1.00000000000000005E-004
2587.2192060500001 0.99890651797097540 1.00000000000000005E-004
2587.2304250900002 0.99894847263445885 1.00000000000000005E-004
2587.2416441800001 0.99898805540052360 1.00000000000000005E-004
2587.2528633299999 0.99902544195869492 1.00000000000000005E-004
2587.2640825200001 0.99906079197456987 1.00000000000000005E-004
2587.2753017599998 0.99909425085762349 1.00000000000000005E-004
2587.2865210400000 0.99912595128018855 1.00000000000000005E-004
2587.2977403800001 0.99915601447846003 1.00000000000000005E-004
2587.3089597700000 0.99918455137939899 1.00000000000000005E-004
2587.3201792000000 0.99921166365408776 1.00000000000000005E-004
2587.3313986799999 0.99923744466381281 1.00000000000000005E-004
2587.3426182100002 0.99926198024262802 1.00000000000000005E-004
2587.3538377899999 0.99928534940321245 1.00000000000000005E-004
2587.3650574200001 0.99930762498242987 1.00000000000000005E-004
2587.3762771000002 0.99932887420968231 1.00000000000000005E-004
2587.3874968199998 0.99934915922948375 1.00000000000000005E-004
2587.3987166000002 0.99936853755501753 1.00000000000000005E-004
2587.4099364200001 0.99938706246105291 1.00000000000000005E-004
2587.4211562900000 0.99940478336807037 1.00000000000000005E-004
2587.4323762099998 0.99942174617379653 1.00000000000000005E-004
2587.4435961800000 0.99943799354057472 1.00000000000000005E-004
2587.4548162000001 0.99945356516770589 1.00000000000000005E-004
2587.4660362700001 0.99946849803305848 1.00000000000000005E-004
2587.4772563800002 0.99948282662261922 1.00000000000000005E-004
2587.4884765500001 0.99949658312853351 1.00000000000000005E-004
2587.4996967600000 0.99950979761899683 1.00000000000000005E-004
2587.5109170199999 0.99952249821456007 1.00000000000000005E-004
2587.5221373300001 0.99953471123779136 1.00000000000000005E-004
2587.5333576899998 0.99954646133996006 1.00000000000000005E-004
2587.5445780900000 0.99955777163600701 1.00000000000000005E-004
2587.5557985500000 0.99956866381897092 1.00000000000000005E-004
2587.5670190500000 0.99957915825736865 1.00000000000000005E-004
2587.5782396099999 0.99958927409317322 1.00000000000000005E-004
2587.5894602100002 0.99959902934405531 1.00000000000000005E-004
2587.6006808600000 0.99960844127396975 1.00000000000000005E-004
2587.6119015600002 0.99961752913677837 1.00000000000000005E-004
2587.6231223000000 0.99962632632571280 1.00000000000000005E-004
2587.6343431000000 0.99963489757674262 1.00000000000000005E-004
2587.6455639400001 0.99964330310010330 1.00000000000000005E-004
2587.6567848400000 0.99965149861221658 1.00000000000000005E-004
2587.6680057799999 0.99965936000183409 1.00000000000000005E-004
2587.6792267699998 0.99966684641533898 1.00000000000000005E-004
2587.6904478100000 0.99967401995050875 1.00000000000000005E-004
2587.7016689000002 0.99968094328557211 1.00000000000000005E-004
2587.7128900399998 0.99968764482333039 1.00000000000000005E-004
2587.7241112199999 0.99969413699424048 1.00000000000000005E-004
2587.7353324500000 0.99970042873313103 1.00000000000000005E-004
2587.7465537399999 0.99970652822740069 1.00000000000000005E-004
2587.7577750700002 0.99971244322978370 1.00000000000000005E-004
2587.7689964500000 0.99971818110861943 1.00000000000000005E-004
2587.7802178799998 0.99972374886987059 1.00000000000000005E-004
2587.7914393599999 0.99972915317351896 1.00000000000000005E-004
2587.8026608800001 0.99973440035798322 1.00000000000000005E-004
2587.8138824600001 0.99973949645864624 1.00000000000000005E-004
2587.8251040800001 0.99974444722106071 1.00000000000000005E-004
2587.8363257500000 0.99974925812140469 1.00000000000000005E-004
2587.8475474699999 0.99975393438187232 1.00000000000000005E-004
2587.8587692400001 0.99975848098191722 1.00000000000000005E-004
2587.8699910599998 0.99976290267232060 1.00000000000000005E-004
2587.8812129299999 0.99976720398706997 1.00000000000000005E-004
2587.8924348400001 0.99977138925763920 1.00000000000000005E-004
2587.9036568100000 0.99977546262345485 1.00000000000000005E-004
2587.9148788200000 0.99977942803875097 1.00000000000000005E-004
2587.9261008799999 0.99978328928561377 1.00000000000000005E-004
2587.9373229900002 0.99978704998314649 1.00000000000000005E-004
2587.9485451500000 0.99979071359340499 1.00000000000000005E-004
2587.9597673600001 0.99979428342951226 1.00000000000000005E-004
2587.9709896099998 0.99979776266556197 1.00000000000000005E-004
2587.9822119199998 0.99980115434338757 1.00000000000000005E-004
2587.9934342699999 0.99980446137635681 1.00000000000000005E-004
2588.0046566699998 0.99980768655846752 1.00000000000000005E-004
2588.0158791200001 0.99981083257044112 1.00000000000000005E-004
2588.0271016199999 0.99981390198334230 1.00000000000000005E-004
2588.0383241700001 0.99981689726429057 1.00000000000000005E-004
2588.0495467699998 0.99981982078086418 1.00000000000000005E-004
2588.0607694099999 0.99982267480722053 1.00000000000000005E-004
2588.0719921000000 0.99982546153073315 1.00000000000000005E-004
2588.0832148499999 0.99982818305248100 1.00000000000000005E-004
2588.0944376399998 0.99983084138965661 1.00000000000000005E-004
2588.1056604800001 0.99983343848326278 1.00000000000000005E-004
2588.1168833699999 0.99983597620064801 1.00000000000000005E-004
2588.1281063000001 0.99983845633865520 1.00000000000000005E-004
2588.1393292900002 0.99984088062729337 1.00000000000000005E-004
2588.1505523199999 0.99984325073141034 1.00000000000000005E-004
2588.1617754099998 0.99984556825401372 1.00000000000000005E-004
2588.1729985400002 0.99984783473867300 1.00000000000000005E-004
2588.1842217200001 0.99985005167346774 1.00000000000000005E-004
2588.1954449499999 0.99985222049320588 1.00000000000000005E-004
2588.2066682300001 0.99985434257993377 1.00000000000000005E-004
2588.2178915499999 0.99985641926695612 1.00000000000000005E-004
2588.2291149299999 0.99985845184105171 1.00000000000000005E-004
2588.2403383500000 0.99986044154321019 1.00000000000000005E-004
2588.2515618299999 0.99986238957086304 1.00000000000000005E-004
2588.2627853499998 0.99986429707940727 1.00000000000000005E-004
2588.2740089200001 0.99986616518496840 1.00000000000000005E-004
2588.2852325399999 0.99986799496559309 1.00000000000000005E-004
2588.2964562000002 0.99986978746277555 1.00000000000000005E-004
2588.3076799199998 0.99987154368334319 1.00000000000000005E-004
2588.3189036799999 0.99987326459988968 1.00000000000000005E-004
2588.3301274999999 0.99987495115244296 1.00000000000000005E-004
2588.3413513599999 0.99987660424951919 1.00000000000000005E-004
2588.3525752700002 0.99987822477035315 1.00000000000000005E-004
2588.3637992300000 0.99987981356590150 1.00000000000000005E-004
2588.3750232399998 0.99988137145863754 1.00000000000000005E-004
2588.3862472900000 0.99988289924494400 1.00000000000000005E-004
2588.3974714000001 0.99988439769622139 1.00000000000000005E-004
2588.4086955500002 0.99988586755893816 1.00000000000000005E-004
2588.4199197600001 0.99988730955580851 1.00000000000000005E-004
2588.4311440100000 0.99988872438646481 1.00000000000000005E-004
2588.4423683099999 0.99989011272909489 1.00000000000000005E-004
2588.4535926600001 0.99989147524091537 1.00000000000000005E-004
2588.4648170500000 0.99989281255894025 1.00000000000000005E-004
2588.4760415000001 0.99989412530102084 1.00000000000000005E-004
2588.4872659900002 0.99989541406582916 1.00000000000000005E-004
2588.4984905400001 0.99989667943377836 1.00000000000000005E-004
2588.5097151300001 0.99989792196750282 1.00000000000000005E-004
2588.5209397700000 0.99989914221323561 1.00000000000000005E-004
2588.5321644599999 0.99990034070129141 1.00000000000000005E-004
2588.5433892000001 0.99990151794564042 1.00000000000000005E-004
2588.5546139799999 0.99990267444546499 1.00000000000000005E-004
2588.5658388200000 0.99990381068575540 1.00000000000000005E-004
2588.5770637000001 0.99990492713712198 1.00000000000000005E-004
2588.5882886400000 0.99990602425646624 1.00000000000000005E-004
2588.5995136199999 0.99990710248728720 1.00000000000000005E-004
2588.6107386499998 0.99990816226072243 1.00000000000000005E-004
2588.6219637300001 0.99990920399572747 1.00000000000000005E-004
2588.6331888499999 0.99991022809947949 1.00000000000000005E-004
2588.6444140300000 0.99991123496800494 1.00000000000000005E-004
2588.6556392500001 0.99991222498599897 1.00000000000000005E-004
2588.6668645300001 0.99991319852737481 1.00000000000000005E-004
2588.6780898500001 0.99991415595547217 1.00000000000000005E-004
2588.6893152200000 0.99991509762399955 1.00000000000000005E-004
2588.7005406399999 0.99991602387731759 1.00000000000000005E-004
2588.7117661100001 0.99991693505012469 1.00000000000000005E-004
2588.7229916299998 0.99991783146778457 1.00000000000000005E-004
2588.7342171900000 0.99991871344722127 1.00000000000000005E-004
2588.7454428100000 0.99991958129713554 1.00000000000000005E-004
2588.7566684700000 0.99992043531754637 1.00000000000000005E-004
2588.7678941800000 0.99992127580077905 1.00000000000000005E-004
2588.7791199399999 0.99992210303174600 1.00000000000000005E-004
2588.7903457500001 0.99992291728763971 1.00000000000000005E-004
2588.8015716099999 0.99992371883817743 1.00000000000000005E-004
2588.8127975100001 1.0000000000000000 1.00000000000000005E-004
2588.8240234700002 1.0000000000000000 1.00000000000000005E-004
2588.8352494699998 1.0000000000000000 1.00000000000000005E-004
2588.8464755199998 1.0000000000000000 1.00000000000000005E-004
2588.8577016300001 1.0000000000000000 1.00000000000000005E-004
2588.8689277799999 1.0000000000000000 1.00000000000000005E-004
2588.8801539699998 1.0000000000000000 1.00000000000000005E-004
2588.8913802200000 1.0000000000000000 1.00000000000000005E-004
2588.9026065200001 1.0000000000000000 1.00000000000000005E-004
2588.9138328600002 1.0000000000000000 1.00000000000000005E-004
2588.9250592499998 1.0000000000000000 1.00000000000000005E-004
2588.9362857000001 1.0000000000000000 1.00000000000000005E-004
2588.9475121900000 1.0000000000000000 1.00000000000000005E-004
2588.9587387299998 1.0000000000000000 1.00000000000000005E-004
2588.9699653100001 1.0000000000000000 1.00000000000000005E-004
2588.9811919499998 1.0000000000000000 1.00000000000000005E-004
2588.9924186300000 1.0000000000000000 1.00000000000000005E-004
2589.0036453700000 1.0000000000000000 1.00000000000000005E-004
2589.0148721500000 1.0000000000000000 1.00000000000000005E-004
2589.0260989799999 1.0000000000000000 1.00000000000000005E-004
