1609.7191390099999 1.0000000000000000 1.00000000000000005E-004
1609.7261192799999 1.0000000000000000 1.00000000000000005E-004
1609.7330995899999 1.0000000000000000 1.00000000000000005E-004
1609.7400799300001 1.0000000000000000 1.00000000000000005E-004
1609.7470602999999 1.0000000000000000 1.00000000000000005E-004
1609.7540406999999 1.0000000000000000 1.00000000000000005E-004
1609.7610211300000 1.0000000000000000 1.00000000000000005E-004
1609.7680015900000 1.0000000000000000 1.00000000000000005E-004
1609.7749820800000 1.0000000000000000 1.00000000000000005E-004
1609.7819626000000 1.0000000000000000 1.00000000000000005E-004
1609.7889431500000 1.0000000000000000 1.00000000000000005E-004
1609.7959237400000 1.0000000000000000 1.00000000000000005E-004
1609.8029043500001 1.0000000000000000 1.00000000000000005E-004
1609.8098849900000 1.0000000000000000 1.00000000000000005E-004
1609.8168656600001 1.0000000000000000 1.00000000000000005E-004
1609.8238463600001 1.0000000000000000 1.00000000000000005E-004
1609.8308271000001 1.0000000000000000 1.00000000000000005E-004
1609.8378078600001 1.0000000000000000 1.00000000000000005E-004
1609.8447886500001 1.0000000000000000 1.00000000000000005E-004
1609.8517694800000 1.0000000000000000 1.00000000000000005E-004
1609.8587503300000 1.0000000000000000 1.00000000000000005E-004
1609.8657312099999 1.0000000000000000 1.00000000000000005E-004
1609.8727121300001 1.0000000000000000 1.00000000000000005E-004
1609.8796930700000 1.0000000000000000 1.00000000000000005E-004
1609.8866740500000 1.0000000000000000 1.00000000000000005E-004
1609.8936550500000 1.0000000000000000 1.00000000000000005E-004
1609.9006360900000 1.0000000000000000 1.00000000000000005E-004
1609.9076171500001 1.0000000000000000 1.00000000000000005E-004
1609.9145982499999 1.0000000000000000 1.00000000000000005E-004
1609.9215793799999 1.0000000000000000 1.00000000000000005E-004
1609.9285605299999 1.0000000000000000 1.00000000000000005E-004
1609.9355417199999 1.0000000000000000 1.00000000000000005E-004
1609.9425229399999 1.0000000000000000 1.00000000000000005E-004
1609.9495041800001 1.0000000000000000 1.00000000000000005E-004
1609.9564854600001 1.0000000000000000 1.00000000000000005E-004
1609.9634667700000 1.0000000000000000 1.00000000000000005E-004
1609.9704481100000 1.0000000000000000 1.00000000000000005E-004
1609.9774294700001 1.0000000000000000 1.00000000000000005E-004
1609.9844108699999 1.0000000000000000 1.00000000000000005E-004
1609.9913922999999 1.0000000000000000 1.00000000000000005E-004
1609.9983737600000 1.0000000000000000 1.00000000000000005E-004
1610.0053552500001 1.0000000000000000 1.00000000000000005E-004
1610.0123367700000 1.0000000000000000 1.00000000000000005E-004
1610.0193183199999 1.0000000000000000 1.00000000000000005E-004
1610.0262998999999 1.0000000000000000 1.00000000000000005E-004
1610.0332815100001 1.0000000000000000 1.00000000000000005E-004
1610.0402631500001 1.0000000000000000 1.00000000000000005E-004
1610.0472448200001 1.0000000000000000 1.00000000000000005E-004
1610.0542265199999 1.0000000000000000 1.00000000000000005E-004
1610.0612082600001 1.0000000000000000 1.00000000000000005E-004
1610.0681900200000 1.0000000000000000 1.00000000000000005E-004
1610.0751718100000 1.0000000000000000 1.00000000000000005E-004
1610.0821536300000 1.0000000000000000 1.00000000000000005E-004
1610.0891354900000 1.0000000000000000 1.00000000000000005E-004
1610.0961173700000 1.0000000000000000 1.00000000000000005E-004
1610.1030992799999 1.0000000000000000 1.00000000000000005E-004
1610.1100812300001 1.0000000000000000 1.00000000000000005E-004
1610.1170632000001 1.0000000000000000 1.00000000000000005E-004
1610.1240452000000 1.0000000000000000 1.00000000000000005E-004
1610.1310272400001 0.99999999999999967 1.00000000000000005E-004
1610.1380093000000 0.99999999999993716 1.00000000000000005E-004
1610.1449914000000 0.99999999999704847 1.00000000000000005E-004
1610.1519735200000 0.99999999992097810 1.00000000000000005E-004
1610.1589556800000 0.99999999876601042 1.00000000000000005E-004
1610.1659378600000 0.99999998860697659 1.00000000000000005E-004
1610.1729200800000 0.99999993659539677 1.00000000000000005E-004
1610.1799023300000 0.99999978091050923 1.00000000000000005E-004
1610.1868846000000 0.99999950723873643 1.00000000000000005E-004
1610.1938669100000 0.99999922290259746 1.00000000000000005E-004
1610.2008492499999 0.99999904515581006 1.00000000000000005E-004
1610.2078316100001 0.99999897290600426 1.00000000000000005E-004
1610.2148140100001 0.99999894620034191 1.00000000000000005E-004
1610.2217964399999 0.99999892964492032 1.00000000000000005E-004
1610.2287789000000 0.99999891408729047 1.00000000000000005E-004
1610.2357613900001 0.99999889828720512 1.00000000000000005E-004
1610.2427439099999 0.99999888214379729 1.00000000000000005E-004
1610.2497264599999 0.99999886564305429 1.00000000000000005E-004
1610.2567090299999 0.99999884877425405 1.00000000000000005E-004
1610.2636916399999 0.99999883152634961 1.00000000000000005E-004
1610.2706742800001 0.99999881388788969 1.00000000000000005E-004
1610.2776569499999 0.99999879584699158 1.00000000000000005E-004
1610.2846396600000 0.99999877739132081 1.00000000000000005E-004
1610.2916223899999 0.99999875850808051 1.00000000000000005E-004
1610.2986051500000 0.99999873918395954 1.00000000000000005E-004
1610.3055879399999 0.99999871940511165 1.00000000000000005E-004
1610.3125707600000 0.99999869915715434 1.00000000000000005E-004
1610.3195536100000 0.99999867842512979 1.00000000000000005E-004
1610.3265364900001 0.99999865719347059 1.00000000000000005E-004
1610.3335194100000 0.99999863544599110 1.00000000000000005E-004
1610.3405023500000 0.99999861316586403 1.00000000000000005E-004
1610.3474853200000 0.99999859033553806 1.00000000000000005E-004
1610.3544683299999 0.99999856693673295 1.00000000000000005E-004
1610.3614513600000 0.99999854295043322 1.00000000000000005E-004
1610.3684344200001 0.99999851835679077 1.00000000000000005E-004
1610.3754175199999 0.99999849313511069 1.00000000000000005E-004
1610.3824006400000 0.99999846726382990 1.00000000000000005E-004
1610.3893837999999 0.99999844072044652 1.00000000000000005E-004
1610.3963669800000 0.99999841348147001 1.00000000000000005E-004
1610.4033502000000 0.99999838552237574 1.00000000000000005E-004
1610.4103334399999 0.99999835681754878 1.00000000000000005E-004
1610.4173167199999 0.99999832734022409 1.00000000000000005E-004
1610.4243000199999 0.99999829706242205 1.00000000000000005E-004
1610.4312833600000 0.99999826595487395 1.00000000000000005E-004
1610.4382667299999 0.99999823398699239 1.00000000000000005E-004
1610.4452501200001 0.99999820112676185 1.00000000000000005E-004
1610.4522335500001 0.99999816734061475 1.00000000000000005E-004
1610.4592170100000 0.99999813259342218 1.00000000000000005E-004
1610.4662005000000 0.99999809684839702 1.00000000000000005E-004
1610.4731840200000 0.99999806006697589 1.00000000000000005E-004
1610.4801675599999 0.99999802220868661 1.00000000000000005E-004
1610.4871511399999 0.99999798323102251 1.00000000000000005E-004
1610.4941347500001 0.99999794308939804 1.00000000000000005E-004
1610.5011183900001 0.99999790173701053 1.00000000000000005E-004
1610.5081020600001 0.99999785912466088 1.00000000000000005E-004
1610.5150857599999 0.99999781520061859 1.00000000000000005E-004
1610.5220694899999 0.99999776991047107 1.00000000000000005E-004
1610.5290532500001 0.99999772319695346 1.00000000000000005E-004
1610.5360370400001 0.99999767499976810 1.00000000000000005E-004
1610.5430208600001 0.99999762525539282 1.00000000000000005E-004
1610.5500047099999 0.99999757389685651 1.00000000000000005E-004
1610.5569885899999 0.99999752085350191 1.00000000000000005E-004
1610.5639725100000 0.99999746605079531 1.00000000000000005E-004
1610.5709564500000 0.99999740941009108 1.00000000000000005E-004
1610.5779404200000 0.99999735084822983 1.00000000000000005E-004
1610.5849244200001 0.99999729027723205 1.00000000000000005E-004
1610.5919084600000 0.99999722760408816 1.00000000000000005E-004
1610.5988925199999 0.99999716273040562 1.00000000000000005E-004
1610.6058766100000 0.99999709555186844 1.00000000000000005E-004
1610.6128607400001 0.99999702595789297 1.00000000000000005E-004
1610.6198448900000 0.99999695383125031 1.00000000000000005E-004
1610.6268290800001 0.99999687904748313 1.00000000000000005E-004
1610.6338132900000 0.99999680147438319 1.00000000000000005E-004
1610.6407975400000 0.99999672097140968 1.00000000000000005E-004
1610.6477818100000 0.99999663738905298 1.00000000000000005E-004
1610.6547661200000 0.99999655056813952 1.00000000000000005E-004
1610.6617504500000 0.99999646033907397 1.00000000000000005E-004
1610.6687348200001 0.99999636652100221 1.00000000000000005E-004
1610.6757192099999 0.99999626892089466 1.00000000000000005E-004
1610.6827036400000 0.99999616733250996 1.00000000000000005E-004
1610.6896881000000 0.99999606153541620 1.00000000000000005E-004
1610.6966725899999 0.99999595129383712 1.00000000000000005E-004
1610.7036571000001 0.99999583635511047 1.00000000000000005E-004
1610.7106416500001 0.99999571644821794 1.00000000000000005E-004
1610.7176262300000 0.99999559128241844 1.00000000000000005E-004
1610.7246108400000 0.99999546054546928 1.00000000000000005E-004
1610.7315954799999 0.99999532390158763 1.00000000000000005E-004
1610.7385801400001 0.99999518098917717 1.00000000000000005E-004
1610.7455648400000 0.99999503141837143 1.00000000000000005E-004
1610.7525495699999 0.99999487476865023 1.00000000000000005E-004
1610.7595343300000 0.99999471058583422 1.00000000000000005E-004
1610.7665191200001 0.99999453837861263 1.00000000000000005E-004
1610.7735039400000 0.99999435761487121 1.00000000000000005E-004
1610.7804887899999 0.99999416771751015 1.00000000000000005E-004
1610.7874736799999 0.99999396806002350 1.00000000000000005E-004
1610.7944585900000 0.99999375796140100 1.00000000000000005E-004
1610.8014435299999 0.99999353667989732 1.00000000000000005E-004
1610.8084285000000 0.99999330340648995 1.00000000000000005E-004
1610.8154135000000 0.99999305725764043 1.00000000000000005E-004
1610.8223985300001 0.99999279726672508 1.00000000000000005E-004
1610.8293836000000 0.99999252237472869 1.00000000000000005E-004
1610.8363686900000 0.99999223141949045 1.00000000000000005E-004
1610.8433538100001 0.99999192312268126 1.00000000000000005E-004
1610.8503389699999 0.99999159607600985 1.00000000000000005E-004
1610.8573241500001 0.99999124872538581 1.00000000000000005E-004
1610.8643093700000 0.99999087935194952 1.00000000000000005E-004
1610.8712946099999 0.99999048605081597 1.00000000000000005E-004
1610.8782798800000 0.99999006670580215 1.00000000000000005E-004
1610.8852651899999 0.99998961896106131 1.00000000000000005E-004
1610.8922505200001 0.99998914018806595 1.00000000000000005E-004
1610.8992358900000 0.99998862744458417 1.00000000000000005E-004
1610.9062212900001 0.99998807739160112 1.00000000000000005E-004
1610.9132067099999 0.99998748566505469 1.00000000000000005E-004
1610.9201921700001 0.99998684229245316 1.00000000000000005E-004
1610.9271776600001 0.99998611521603320 1.00000000000000005E-004
1610.9341631699999 0.99998523728959010 1.00000000000000005E-004
1610.9411487200000 0.99998416559433412 1.00000000000000005E-004
1610.9481343000000 0.99998297564218741 1.00000000000000005E-004
1610.9551199099999 0.99998178823450878 1.00000000000000005E-004
1610.9621055400000 0.99998061828747342 1.00000000000000005E-004
1610.9690912100000 0.99997940018546139 1.00000000000000005E-004
1610.9760769100001 0.99997808034746849 1.00000000000000005E-004
1610.9830626400001 0.99997663137645598 1.00000000000000005E-004
1610.9900484000000 0.99997503338985250 1.00000000000000005E-004
1610.9970341900000 0.99997326493326222 1.00000000000000005E-004
1611.0040200100000 0.99997130072746099 1.00000000000000005E-004
1611.0110058600001 0.99996911052159243 1.00000000000000005E-004
1611.0179917400001 0.99996665680253571 1.00000000000000005E-004
1611.0249776500000 0.99996388609010300 1.00000000000000005E-004
1611.0319635900000 0.99996070676479754 1.00000000000000005E-004
1611.0389495600000 0.99995698434065539 1.00000000000000005E-004
1611.0459355700000 0.99995262120344652 1.00000000000000005E-004
1611.0529216000000 0.99994762123235648 1.00000000000000005E-004
1611.0599076599999 0.99994196322598194 1.00000000000000005E-004
1611.0668937500000 0.99993547273288119 1.00000000000000005E-004
1611.0738798800000 0.99992787220377177 1.00000000000000005E-004
1611.0808660299999 0.99991883595210784 1.00000000000000005E-004
1611.0878522099999 0.99990795815884081 1.00000000000000005E-004
1611.0948384300000 0.99989468876223497 1.00000000000000005E-004
1611.1018246700000 0.99987825154532739 1.00000000000000005E-004
1611.1088109400000 0.99985751548352009 1.00000000000000005E-004
1611.1157972500000 0.99983076049036579 1.00000000000000005E-004
1611.1227835800000 0.99979505929604950 1.00000000000000005E-004
1611.1297699500001 0.99974226432235591 1.00000000000000005E-004
1611.1367563399999 0.99961883680789798 1.00000000000000005E-004
1611.1437427700000 0.99899248852740097 1.00000000000000005E-004
1611.1507292300000 0.99515754924717370 1.00000000000000005E-004
1611.1577157100000 0.97660872713446456 1.00000000000000005E-004
1611.1647022300001 0.91301173595412299 1.00000000000000005E-004
1611.1716887800001 0.76360070856248996 1.00000000000000005E-004
1611.1786753500000 0.52738273883514186 1.00000000000000005E-004
1611.1856619600001 0.27938549655936029 1.00000000000000005E-004
1611.1926486000000 0.11032798291162228 1.00000000000000005E-004
1611.1996352700000 4.92085793521020998E-002 1.00000000000000005E-004
1611.2066219700000 8.87376026561790821E-002 1.00000000000000005E-004
1611.2136086999999 0.23524587362457658 1.00000000000000005E-004
1611.2205954500000 0.47274960630094826 1.00000000000000005E-004
1611.2275822399999 0.71974488609864562 1.00000000000000005E-004
1611.2345690600000 0.88982197226230642 1.00000000000000005E-004
1611.2415559100000 0.96839819724763421 1.00000000000000005E-004
1611.2485427900001 0.99316131864616619 1.00000000000000005E-004
1611.2555296999999 0.99863924178094909 1.00000000000000005E-004
1611.2625166500000 0.99956188326442930 1.00000000000000005E-004
1611.2695036200000 0.99972636688859673 1.00000000000000005E-004
1611.2764906200000 0.99978590723329175 1.00000000000000005E-004
1611.2834776499999 0.99982414024169064 1.00000000000000005E-004
1611.2904647099999 0.99985246601350430 1.00000000000000005E-004
1611.2974518000001 0.99987429566312547 1.00000000000000005E-004
1611.3044389300001 0.99989152565932671 1.00000000000000005E-004
1611.3114260800000 0.99990538577617438 1.00000000000000005E-004
1611.3184132599999 0.99991671363277834 1.00000000000000005E-004
1611.3254004800001 0.99992609871831784 1.00000000000000005E-004
1611.3323877200000 0.99993397006821805 1.00000000000000005E-004
1611.3393750000000 0.99994066128379555 1.00000000000000005E-004
1611.3463623000000 0.99994645805783644 1.00000000000000005E-004
1611.3533496299999 0.99995157582811878 1.00000000000000005E-004
1611.3603370000001 0.99995608166641070 1.00000000000000005E-004
1611.3673243999999 0.99995995462750475 1.00000000000000005E-004
1611.3743118200000 0.99996325104366857 1.00000000000000005E-004
1611.3812992799999 0.99996610288778986 1.00000000000000005E-004
1611.3882867600000 0.99996861827814698 1.00000000000000005E-004
1611.3952742800000 0.99997085999641999 1.00000000000000005E-004
1611.4022618300000 0.99997286856435930 1.00000000000000005E-004
1611.4092493999999 0.99997467554909703 1.00000000000000005E-004
1611.4162370100000 0.99997630717104602 1.00000000000000005E-004
1611.4232246500001 0.99997778564163398 1.00000000000000005E-004
1611.4302123200000 0.99997913146314399 1.00000000000000005E-004
1611.4372000200001 0.99998037254887240 1.00000000000000005E-004
1611.4441877400000 0.99998156292321239 1.00000000000000005E-004
1611.4511755000001 0.99998276858283941 1.00000000000000005E-004
1611.4581632899999 0.99998397489799895 1.00000000000000005E-004
1611.4651511100001 0.99998506125859421 1.00000000000000005E-004
1611.4721389599999 0.99998595232684584 1.00000000000000005E-004
1611.4791268399999 0.99998669121683226 1.00000000000000005E-004
1611.4861147500001 0.99998734525688171 1.00000000000000005E-004
1611.4931026899999 0.99998794665071489 1.00000000000000005E-004
1611.5000906600001 0.99998850548809071 1.00000000000000005E-004
1611.5070786700001 0.99998902623258634 1.00000000000000005E-004
1611.5140667000001 0.99998951230883826 1.00000000000000005E-004
1611.5210547600000 0.99998996673369622 1.00000000000000005E-004
1611.5280428500000 0.99999039220149577 1.00000000000000005E-004
1611.5350309700000 0.99999079112537470 1.00000000000000005E-004
1611.5420191300000 0.99999116567158453 1.00000000000000005E-004
1611.5490073100000 0.99999151778918616 1.00000000000000005E-004
1611.5559955199999 0.99999184923647211 1.00000000000000005E-004
1611.5629837700001 0.99999216160256710 1.00000000000000005E-004
1611.5699720400000 0.99999245632627742 1.00000000000000005E-004
1611.5769603500000 0.99999273471322891 1.00000000000000005E-004
1611.5839486800000 0.99999299795034879 1.00000000000000005E-004
1611.5909370500001 0.99999324711857518 1.00000000000000005E-004
1611.5979254399999 0.99999348320401860 1.00000000000000005E-004
1611.6049138700000 0.99999370710778879 1.00000000000000005E-004
1611.6119023199999 0.99999391965466888 1.00000000000000005E-004
1611.6188908100000 0.99999412160079582 1.00000000000000005E-004
1611.6258793300001 0.99999431364016733 1.00000000000000005E-004
1611.6328678699999 0.99999449641086713 1.00000000000000005E-004
1611.6398564500000 0.99999467050062274 1.00000000000000005E-004
1611.6468450600000 0.99999483645110321 1.00000000000000005E-004
1611.6538337000000 0.99999499476217057 1.00000000000000005E-004
1611.6608223600001 0.99999514589601735 1.00000000000000005E-004
1611.6678110600001 0.99999529028053546 1.00000000000000005E-004
1611.6747997900000 0.99999542831204036 1.00000000000000005E-004
1611.6817885500000 0.99999556035806958 1.00000000000000005E-004
1611.6887773399999 0.99999568676000117 1.00000000000000005E-004
1611.6957661599999 0.99999580783521391 1.00000000000000005E-004
1611.7027550099999 0.99999592387907377 1.00000000000000005E-004
1611.7097438900000 0.99999603516673718 1.00000000000000005E-004
1611.7167328000000 0.99999614195478981 1.00000000000000005E-004
1611.7237217400000 0.99999624448273428 1.00000000000000005E-004
1611.7307107100000 0.99999634297433460 1.00000000000000005E-004
1611.7376997100000 0.99999643763885626 1.00000000000000005E-004
1611.7446887399999 0.99999652867221200 1.00000000000000005E-004
1611.7516778100000 0.99999661625787006 1.00000000000000005E-004
1611.7586669000000 0.99999670056777179 1.00000000000000005E-004
1611.7656560200001 0.99999678176334894 1.00000000000000005E-004
1611.7726451700000 0.99999685999628984 1.00000000000000005E-004
1611.7796343600000 0.99999693540908341 1.00000000000000005E-004
1611.7866235700001 0.99999700813569947 1.00000000000000005E-004
1611.7936128199999 0.99999707830226758 1.00000000000000005E-004
1611.8006020900000 0.99999714602758061 1.00000000000000005E-004
1611.8075913900000 0.99999721142367792 1.00000000000000005E-004
1611.8145807300000 0.99999727459624210 1.00000000000000005E-004
1611.8215700900000 0.99999733564497351 1.00000000000000005E-004
1611.8285594900001 0.99999739466408455 1.00000000000000005E-004
1611.8355489200001 0.99999745174256960 1.00000000000000005E-004
1611.8425383700001 0.99999750696459533 1.00000000000000005E-004
1611.8495278600001 0.99999756040986432 1.00000000000000005E-004
1611.8565173699999 0.99999761215383209 1.00000000000000005E-004
1611.8635069200000 0.99999766226800757 1.00000000000000005E-004
1611.8704964999999 0.99999771082014777 1.00000000000000005E-004
1611.8774861100001 0.99999775787447731 1.00000000000000005E-004
1611.8844757400000 0.99999780349200373 1.00000000000000005E-004
1611.8914654099999 0.99999784773070244 1.00000000000000005E-004
1611.8984551100000 0.99999789064561495 1.00000000000000005E-004
1611.9054448400000 0.99999793228903366 1.00000000000000005E-004
1611.9124346000001 0.99999797271071078 1.00000000000000005E-004
1611.9194243899999 0.99999801195799354 1.00000000000000005E-004
1611.9264142100001 0.99999805007595832 1.00000000000000005E-004
1611.9334040599999 0.99999808710753513 1.00000000000000005E-004
1611.9403939399999 0.99999812309363345 1.00000000000000005E-004
1611.9473838500001 0.99999815807325387 1.00000000000000005E-004
1611.9543737900001 0.99999819208359420 1.00000000000000005E-004
1611.9613637600000 0.99999822516015335 1.00000000000000005E-004
1611.9683537599999 0.99999825733683323 1.00000000000000005E-004
1611.9753438000000 0.99999828864599072 1.00000000000000005E-004
1611.9823338599999 0.99999831911851234 1.00000000000000005E-004
1611.9893239500000 0.99999834878395288 1.00000000000000005E-004
1611.9963140699999 0.99999837767060396 1.00000000000000005E-004
1612.0033042299999 0.99999840580549781 1.00000000000000005E-004
1612.0102944099999 0.99999843321447546 1.00000000000000005E-004
1612.0172846200001 0.99999845992231617 1.00000000000000005E-004
1612.0242748700000 0.99999848595275154 1.00000000000000005E-004
1612.0312651400000 0.99999851132849560 1.00000000000000005E-004
1612.0382554500000 0.99999853607132350 1.00000000000000005E-004
1612.0452457800000 0.99999856020211486 1.00000000000000005E-004
1612.0522361500000 0.99999858374089701 1.00000000000000005E-004
1612.0592265400001 0.99999860670688578 1.00000000000000005E-004
1612.0662169699999 0.99999862911853055 1.00000000000000005E-004
1612.0732074299999 0.99999865099352325 1.00000000000000005E-004
1612.0801979099999 0.99999867234885731 1.00000000000000005E-004
1612.0871884300000 0.99999869320088519 1.00000000000000005E-004
1612.0941789799999 0.99999871356529502 1.00000000000000005E-004
1612.1011695499999 0.99999873345716817 1.00000000000000005E-004
1612.1081601599999 0.99999875289103390 1.00000000000000005E-004
1612.1151508000000 0.99999877188085018 1.00000000000000005E-004
1612.1221414700001 0.99999879044003748 1.00000000000000005E-004
1612.1291321700000 0.99999880858152079 1.00000000000000005E-004
1612.1361228999999 0.99999882631774328 1.00000000000000005E-004
1612.1431136599999 0.99999884366069169 1.00000000000000005E-004
1612.1501044500001 0.99999886062190957 1.00000000000000005E-004
1612.1570952699999 0.99999887721252145 1.00000000000000005E-004
1612.1640861200001 0.99999889344327786 1.00000000000000005E-004
1612.1710770000000 0.99999890932594804 1.00000000000000005E-004
1612.1780679100000 0.99999892491092901 1.00000000000000005E-004
1612.1850588499999 0.99999894084917040 1.00000000000000005E-004
1612.1920498200000 0.99999896277952471 1.00000000000000005E-004
1612.1990408199999 0.99999901697328919 1.00000000000000005E-004
1612.2060318599999 0.99999916118766563 1.00000000000000005E-004
1612.2130229200000 0.99999942401585995 1.00000000000000005E-004
1612.2200140100001 0.99999971539495747 1.00000000000000005E-004
1612.2270051300000 0.99999990687547080 1.00000000000000005E-004
1612.2339962900001 0.99999998087594399 1.00000000000000005E-004
1612.2409874699999 0.99999999761644676 1.00000000000000005E-004
1612.2479786900001 0.99999999982354815 1.00000000000000005E-004
1612.2549699300000 0.99999999999235456 1.00000000000000005E-004
1612.2619612000001 0.99999999999980915 1.00000000000000005E-004
1612.2689525100000 0.99999999999999789 1.00000000000000005E-004
1612.2759438500000 1.0000000000000000 1.00000000000000005E-004
1612.2829352100000 1.0000000000000000 1.00000000000000005E-004
1612.2899266100001 1.0000000000000000 1.00000000000000005E-004
1612.2969180299999 1.0000000000000000 1.00000000000000005E-004
1612.3039094900000 1.0000000000000000 1.00000000000000005E-004
1612.3109009800000 1.0000000000000000 1.00000000000000005E-004
1612.3178924900001 1.0000000000000000 1.00000000000000005E-004
1612.3248840399999 1.0000000000000000 1.00000000000000005E-004
1612.3318756199999 1.0000000000000000 1.00000000000000005E-004
1612.3388672300000 1.0000000000000000 1.00000000000000005E-004
1612.3458588700000 1.0000000000000000 1.00000000000000005E-004
1612.3528505400000 1.0000000000000000 1.00000000000000005E-004
1612.3598422400000 1.0000000000000000 1.00000000000000005E-004
1612.3668339599999 1.0000000000000000 1.00000000000000005E-004
1612.3738257200000 1.0000000000000000 1.00000000000000005E-004
1612.3808175199999 1.0000000000000000 1.00000000000000005E-004
1612.3878093400001 1.0000000000000000 1.00000000000000005E-004
1612.3948011900000 1.0000000000000000 1.00000000000000005E-004
1612.4017930699999 1.0000000000000000 1.00000000000000005E-004
1612.4087849800001 1.0000000000000000 1.00000000000000005E-004
1612.4157769200001 1.0000000000000000 1.00000000000000005E-004
1612.4227688900000 1.0000000000000000 1.00000000000000005E-004
1612.4297609000000 1.0000000000000000 1.00000000000000005E-004
1612.4367529300000 1.0000000000000000 1.00000000000000005E-004
1612.4437449899999 1.0000000000000000 1.00000000000000005E-004
1612.4507370800000 1.0000000000000000 1.00000000000000005E-004
1612.4577292100000 1.0000000000000000 1.00000000000000005E-004
1612.4647213600001 1.0000000000000000 1.00000000000000005E-004
1612.4717135500000 1.0000000000000000 1.00000000000000005E-004
1612.4787057599999 1.0000000000000000 1.00000000000000005E-004
1612.4856980100001 1.0000000000000000 1.00000000000000005E-004
1612.4926902800000 1.0000000000000000 1.00000000000000005E-004
1612.4996825900000 1.0000000000000000 1.00000000000000005E-004
1612.5066749200000 1.0000000000000000 1.00000000000000005E-004
1612.5136672900001 1.0000000000000000 1.00000000000000005E-004
1612.5206596900000 1.0000000000000000 1.00000000000000005E-004
1612.5276521100000 1.0000000000000000 1.00000000000000005E-004
1612.5346445700000 1.0000000000000000 1.00000000000000005E-004
1612.5416370600001 1.0000000000000000 1.00000000000000005E-004
1612.5486295799999 1.0000000000000000 1.00000000000000005E-004
1612.5556221200000 1.0000000000000000 1.00000000000000005E-004
1612.5626147000000 1.0000000000000000 1.00000000000000005E-004
1612.5696073100000 1.0000000000000000 1.00000000000000005E-004
1612.5765999499999 1.0000000000000000 1.00000000000000005E-004
1612.5835926200000 1.0000000000000000 1.00000000000000005E-004
1612.5905853199999 1.0000000000000000 1.00000000000000005E-004
1612.5975780500000 1.0000000000000000 1.00000000000000005E-004
1612.6045708100000 1.0000000000000000 1.00000000000000005E-004
1612.6115636000000 1.0000000000000000 1.00000000000000005E-004
1612.6185564200000 1.0000000000000000 1.00000000000000005E-004
1612.6255492700000 1.0000000000000000 1.00000000000000005E-004
1612.6325421600000 1.0000000000000000 1.00000000000000005E-004
1612.6395350700000 1.0000000000000000 1.00000000000000005E-004
1612.6465280100001 1.0000000000000000 1.00000000000000005E-004
1612.6535209799999 1.0000000000000000 1.00000000000000005E-004
1612.6605139900000 1.0000000000000000 1.00000000000000005E-004
1612.6675070199999 1.0000000000000000 1.00000000000000005E-004
1612.6745000799999 1.0000000000000000 1.00000000000000005E-004
1612.6814931800000 1.0000000000000000 1.00000000000000005E-004
