2342.0586573099999 1.0000000000000000 1.00000000000000005E-004
2342.0688132499999 1.0000000000000000 1.00000000000000005E-004
2342.0789692399999 1.0000000000000000 1.00000000000000005E-004
2342.0891252800002 1.0000000000000000 1.00000000000000005E-004
2342.0992813600001 1.0000000000000000 1.00000000000000005E-004
2342.1094374800000 1.0000000000000000 1.00000000000000005E-004
2342.1195936499998 1.0000000000000000 1.00000000000000005E-004
2342.1297498600002 1.0000000000000000 1.00000000000000005E-004
2342.1399061100001 1.0000000000000000 1.00000000000000005E-004
2342.1500624099999 1.0000000000000000 1.00000000000000005E-004
2342.1602187499998 1.0000000000000000 1.00000000000000005E-004
2342.1703751400000 1.0000000000000000 1.00000000000000005E-004
2342.1805315699999 1.0000000000000000 1.00000000000000005E-004
2342.1906880500001 1.0000000000000000 1.00000000000000005E-004
2342.2008445699998 1.0000000000000000 1.00000000000000005E-004
2342.2110011300001 1.0000000000000000 1.00000000000000005E-004
2342.2211577399999 1.0000000000000000 1.00000000000000005E-004
2342.2313143900001 1.0000000000000000 1.00000000000000005E-004
2342.2414710899998 1.0000000000000000 1.00000000000000005E-004
2342.2516278300000 1.0000000000000000 1.00000000000000005E-004
2342.2617846100002 0.99989854079125218 1.00000000000000005E-004
2342.2719414399999 0.99989747492323844 1.00000000000000005E-004
2342.2820983100000 0.99989639217412718 1.00000000000000005E-004
2342.2922552199998 0.99989529218548590 1.00000000000000005E-004
2342.3024121799999 0.99989417458854279 1.00000000000000005E-004
2342.3125691900000 0.99989303900544002 1.00000000000000005E-004
2342.3227262400001 0.99989188504907389 1.00000000000000005E-004
2342.3328833300002 0.99989071232144477 1.00000000000000005E-004
2342.3430404599999 0.99988952041264978 1.00000000000000005E-004
2342.3531976400000 0.99988830890108105 1.00000000000000005E-004
2342.3633548700000 0.99988707735450322 1.00000000000000005E-004
2342.3735121400000 0.99988582532973136 1.00000000000000005E-004
2342.3836694500001 0.99988455237077867 1.00000000000000005E-004
2342.3938268000002 0.99988325800773736 1.00000000000000005E-004
2342.4039842000002 0.99988194175696410 1.00000000000000005E-004
2342.4141416500001 0.99988060312217608 1.00000000000000005E-004
2342.4242991400001 0.99987924159392638 1.00000000000000005E-004
2342.4344566700001 0.99987785664722828 1.00000000000000005E-004
2342.4446142500001 0.99987644774143369 1.00000000000000005E-004
2342.4547718700001 0.99987501432109471 1.00000000000000005E-004
2342.4649295300001 0.99987355581416326 1.00000000000000005E-004
2342.4750872400000 0.99987207163125613 1.00000000000000005E-004
2342.4852449900000 0.99987056116601825 1.00000000000000005E-004
2342.4954027899998 0.99986902379429987 1.00000000000000005E-004
2342.5055606300002 0.99986745887379025 1.00000000000000005E-004
2342.5157185100002 0.99986586574230008 1.00000000000000005E-004
2342.5258764400000 0.99986424371703653 1.00000000000000005E-004
2342.5360344100000 0.99986259209492734 1.00000000000000005E-004
2342.5461924299998 0.99986091015147138 1.00000000000000005E-004
2342.5563504900001 0.99985919713984517 1.00000000000000005E-004
2342.5665085999999 0.99985745229017386 1.00000000000000005E-004
2342.5766667500002 0.99985567480910875 1.00000000000000005E-004
2342.5868249400000 0.99985386387778064 1.00000000000000005E-004
2342.5969831799998 0.99985201865096762 1.00000000000000005E-004
2342.6071414600001 0.99985013825772318 1.00000000000000005E-004
2342.6172997799999 0.99984822179854871 1.00000000000000005E-004
2342.6274581500002 0.99984626834384749 1.00000000000000005E-004
2342.6376165699999 0.99984427693594891 1.00000000000000005E-004
2342.6477750200002 0.99984224658656340 1.00000000000000005E-004
2342.6579335199999 0.99984017627222788 1.00000000000000005E-004
2342.6680920700001 0.99983806493627159 1.00000000000000005E-004
2342.6782506599998 0.99983591148912154 1.00000000000000005E-004
2342.6884092900000 0.99983371480347250 1.00000000000000005E-004
2342.6985679700001 0.99983147371301806 1.00000000000000005E-004
2342.7087266899998 0.99982918701252421 1.00000000000000005E-004
2342.7188854599999 0.99982685345593514 1.00000000000000005E-004
2342.7290442700000 0.99982447175508993 1.00000000000000005E-004
2342.7392031200002 0.99982204057632629 1.00000000000000005E-004
2342.7493620199998 0.99981955853853599 1.00000000000000005E-004
2342.7595209599999 0.99981702421285934 1.00000000000000005E-004
2342.7696799500000 0.99981443612026089 1.00000000000000005E-004
2342.7798389800000 0.99981179272984633 1.00000000000000005E-004
2342.7899980500001 0.99980909245480687 1.00000000000000005E-004
2342.8001571700001 0.99980633364995974 1.00000000000000005E-004
2342.8103163300002 0.99980351461107309 1.00000000000000005E-004
2342.8204755400002 0.99980063357182869 1.00000000000000005E-004
2342.8306347900002 0.99979768870158781 1.00000000000000005E-004
2342.8407940799998 0.99979467810049838 1.00000000000000005E-004
2342.8509534200002 0.99979159979636512 1.00000000000000005E-004
2342.8611127999998 0.99978845174338038 1.00000000000000005E-004
2342.8712722300002 0.99978523181807122 1.00000000000000005E-004
2342.8814317000001 0.99978193781573022 1.00000000000000005E-004
2342.8915912200000 0.99977856744741311 1.00000000000000005E-004
2342.9017507700000 0.99977511833384591 1.00000000000000005E-004
2342.9119103799999 0.99977158800134869 1.00000000000000005E-004
2342.9220700199999 0.99976797388026251 1.00000000000000005E-004
2342.9322297099998 0.99976427329621309 1.00000000000000005E-004
2342.9423894500001 0.99976048346751301 1.00000000000000005E-004
2342.9525492299999 0.99975660150336310 1.00000000000000005E-004
2342.9627090499998 0.99975262439252288 1.00000000000000005E-004
2342.9728689200001 0.99974854899829435 1.00000000000000005E-004
2342.9830288300000 0.99974437205613575 1.00000000000000005E-004
2342.9931887799999 0.99974009016326937 1.00000000000000005E-004
2343.0033487800001 0.99973569977051258 1.00000000000000005E-004
2343.0135088299999 0.99973119718164583 1.00000000000000005E-004
2343.0236689100002 0.99972657854191127 1.00000000000000005E-004
2343.0338290499999 0.99972183982670471 1.00000000000000005E-004
2343.0439892200002 0.99971697683802385 1.00000000000000005E-004
2343.0541494399999 0.99971198519128734 1.00000000000000005E-004
2343.0643097000002 0.99970686030499578 1.00000000000000005E-004
2343.0744700099999 0.99970159739333020 1.00000000000000005E-004
2343.0846303600001 0.99969619145392952 1.00000000000000005E-004
2343.0947907599998 0.99969063725601726 1.00000000000000005E-004
2343.1049512000000 0.99968492932717767 1.00000000000000005E-004
2343.1151116800002 0.99967906188637956 1.00000000000000005E-004
2343.1252722099998 0.99967302812478909 1.00000000000000005E-004
2343.1354327800000 0.99966681501006616 1.00000000000000005E-004
2343.1455934000001 0.99966038616309416 1.00000000000000005E-004
2343.1557540600002 0.99965367346445932 1.00000000000000005E-004
2343.1659147599999 0.99964664554418126 1.00000000000000005E-004
2343.1760755099999 0.99963939211480235 1.00000000000000005E-004
2343.1862363000000 0.99963202928042916 1.00000000000000005E-004
2343.1963971400000 0.99962455883027213 1.00000000000000005E-004
2343.2065580200001 0.99961691316846657 1.00000000000000005E-004
2343.2167189500001 0.99960904462244848 1.00000000000000005E-004
2343.2268799100002 0.99960093283709639 1.00000000000000005E-004
2343.2370409300001 0.99959256602789681 1.00000000000000005E-004
2343.2472019800002 0.99958393326203676 1.00000000000000005E-004
2343.2573630799998 0.99957502313450386 1.00000000000000005E-004
2343.2675242300002 0.99956582362835666 1.00000000000000005E-004
2343.2776854200001 0.99955632207765277 1.00000000000000005E-004
2343.2878466500001 0.99954650510958098 1.00000000000000005E-004
2343.2980079300000 0.99953635859921264 1.00000000000000005E-004
2343.3081692500000 0.99952586762797868 1.00000000000000005E-004
2343.3183306100000 0.99951501641907614 1.00000000000000005E-004
2343.3284920199999 0.99950378827508668 1.00000000000000005E-004
2343.3386534800002 0.99949216553160491 1.00000000000000005E-004
2343.3488149700001 0.99948012948012444 1.00000000000000005E-004
2343.3589765100000 0.99946766027277112 1.00000000000000005E-004
2343.3691380999999 0.99945473685929576 1.00000000000000005E-004
2343.3792997300002 0.99944133690846682 1.00000000000000005E-004
2343.3894614000001 0.99942743669058121 1.00000000000000005E-004
2343.3996231199999 0.99941301097302615 1.00000000000000005E-004
2343.4097848800002 0.99939803291565565 1.00000000000000005E-004
2343.4199466900000 0.99938247394409951 1.00000000000000005E-004
2343.4301085400002 0.99936630361612311 1.00000000000000005E-004
2343.4402704300001 0.99934948946140956 1.00000000000000005E-004
2343.4504323699998 0.99933199681724938 1.00000000000000005E-004
2343.4605943500001 0.99931378866069098 1.00000000000000005E-004
2343.4707563799998 0.99929482540986048 1.00000000000000005E-004
2343.4809184500000 0.99927506471198246 1.00000000000000005E-004
2343.4910805599998 0.99925446119291972 1.00000000000000005E-004
2343.5012427199999 0.99923296619476998 1.00000000000000005E-004
2343.5114049200001 0.99921052750159089 1.00000000000000005E-004
2343.5215671699998 0.99918708901871722 1.00000000000000005E-004
2343.5317294600000 0.99916259042504019 1.00000000000000005E-004
2343.5418917900001 0.99913696676533281 1.00000000000000005E-004
2343.5520541699998 0.99911014801278308 1.00000000000000005E-004
2343.5622165999998 0.99908205863205946 1.00000000000000005E-004
2343.5723790600000 0.99905261702794135 1.00000000000000005E-004
2343.5825415700001 0.99902173490161550 1.00000000000000005E-004
2343.5927041300001 0.99898931663160573 1.00000000000000005E-004
2343.6028667300002 0.99895525855681511 1.00000000000000005E-004
2343.6130293699998 0.99891944809297861 1.00000000000000005E-004
2343.6231920599998 0.99888176280300267 1.00000000000000005E-004
2343.6333547899999 0.99884206938011755 1.00000000000000005E-004
2343.6435175600000 0.99880022242741151 1.00000000000000005E-004
2343.6536803800000 0.99875606310715892 1.00000000000000005E-004
2343.6638432499999 0.99870941769601029 1.00000000000000005E-004
2343.6740061500000 0.99866009583942272 1.00000000000000005E-004
2343.6841691000000 0.99860788851680160 1.00000000000000005E-004
2343.6943320999999 0.99855256589003039 1.00000000000000005E-004
2343.7044951399998 0.99849387480473306 1.00000000000000005E-004
2343.7146582199998 0.99843153578726784 1.00000000000000005E-004
2343.7248213500002 0.99836523969670654 1.00000000000000005E-004
2343.7349845200001 0.99829464391040146 1.00000000000000005E-004
2343.7451477400000 0.99821936785933219 1.00000000000000005E-004
2343.7553109999999 0.99813898787614874 1.00000000000000005E-004
2343.7654742999998 0.99805303113270971 1.00000000000000005E-004
2343.7756376500001 0.99796096862129735 1.00000000000000005E-004
2343.7858010400000 0.99786220700188011 1.00000000000000005E-004
2343.7959644799998 0.99775607894587948 1.00000000000000005E-004
2343.8061279600001 0.99764183177548660 1.00000000000000005E-004
2343.8162914800000 0.99751861389848817 1.00000000000000005E-004
2343.8264550499998 0.99738545873806206 1.00000000000000005E-004
2343.8366186700000 0.99724126577788430 1.00000000000000005E-004
2343.8467823199999 0.99708477747577762 1.00000000000000005E-004
2343.8569460200001 0.99691455123905104 1.00000000000000005E-004
2343.8671097699998 0.99672892597093743 1.00000000000000005E-004
2343.8772735600000 0.99652598113708102 1.00000000000000005E-004
2343.8874373899998 0.99630348605382801 1.00000000000000005E-004
2343.8976012700000 0.99605883762756342 1.00000000000000005E-004
2343.9077651900002 0.99578898314643627 1.00000000000000005E-004
2343.9179291500000 0.99549032310136421 1.00000000000000005E-004
2343.9280931600001 0.99515858874984309 1.00000000000000005E-004
2343.9382572099998 0.99478868655282604 1.00000000000000005E-004
2343.9484213100000 0.99437449814528067 1.00000000000000005E-004
2343.9585854500001 0.99390862108082767 1.00000000000000005E-004
2343.9687496400002 0.99338202926074748 1.00000000000000005E-004
2343.9789138699998 0.99278362312340140 1.00000000000000005E-004
2343.9890781399999 0.99209962558714404 1.00000000000000005E-004
2343.9992424600000 0.99131276088839160 1.00000000000000005E-004
2344.0094068200001 0.99040112143900205 1.00000000000000005E-004
2344.0195712300001 0.98933657639645212 1.00000000000000005E-004
2344.0297356800002 0.98808249520062896 1.00000000000000005E-004
2344.0399001699998 0.98659041934154279 1.00000000000000005E-004
2344.0500647099998 0.98479508023923290 1.00000000000000005E-004
2344.0602292899998 0.98260672916025416 1.00000000000000005E-004
2344.0703939199998 0.97989892576672766 1.00000000000000005E-004
2344.0805585899998 0.97648826784613152 1.00000000000000005E-004
2344.0907232999998 0.97209809399669755 1.00000000000000005E-004
2344.1008880600002 0.96627370777416388 1.00000000000000005E-004
2344.1110528600002 0.95801754900862734 1.00000000000000005E-004
2344.1212177100001 0.94377982766073643 1.00000000000000005E-004
2344.1313826000001 0.90992602215316432 1.00000000000000005E-004
2344.1415475399999 0.82166037610137044 1.00000000000000005E-004
2344.1517125199998 0.64031095138776228 1.00000000000000005E-004
2344.1618775400002 0.38959332081431375 1.00000000000000005E-004
2344.1720426100001 0.16933549113769261 1.00000000000000005E-004
2344.1822077200000 4.92672263889302672E-002 1.00000000000000005E-004
2344.1923728699999 9.18290773697938260E-003 1.00000000000000005E-004
2344.2025380700002 1.06772142707341872E-003 1.00000000000000005E-004
2344.2127033100001 1.48584484372073401E-004 1.00000000000000005E-004
2344.2228685999999 1.04616827671508974E-003 1.00000000000000005E-004
2344.2330339300001 9.03397695838012785E-003 1.00000000000000005E-004
2344.2431993099999 4.86602737324010881E-002 1.00000000000000005E-004
2344.2533647300002 0.16785879629580555 1.00000000000000005E-004
2344.2635301900000 0.38742537359425139 1.00000000000000005E-004
2344.2736957000002 0.63835538679744785 1.00000000000000005E-004
2344.2838612500000 0.82053239228148489 1.00000000000000005E-004
2344.2940268500001 0.90946223533608228 1.00000000000000005E-004
2344.3041924899999 0.94360066101640794 1.00000000000000005E-004
2344.3143581700001 0.95792563986623014 1.00000000000000005E-004
2344.3245238999998 0.96621177043789708 1.00000000000000005E-004
2344.3346896700000 0.97205183457561228 1.00000000000000005E-004
2344.3448554900001 0.97645234709412310 1.00000000000000005E-004
2344.3550213499998 0.97987032661366524 1.00000000000000005E-004
2344.3651872599999 0.98258349610695461 1.00000000000000005E-004
2344.3753532000001 0.98477588407230965 1.00000000000000005E-004
2344.3855192000001 0.98657432690220725 1.00000000000000005E-004
2344.3956852299998 0.98806883287611103 1.00000000000000005E-004
2344.4058513099999 0.98932484726079051 1.00000000000000005E-004
2344.4160174399999 0.99039095214461093 1.00000000000000005E-004
2344.4261836100000 0.99130386561408068 1.00000000000000005E-004
2344.4363498200000 0.99209178241207630 1.00000000000000005E-004
2344.4465160800000 0.99277665766999701 1.00000000000000005E-004
2344.4566823800001 0.99337580252210145 1.00000000000000005E-004
2344.4668487300000 0.99390302114527429 1.00000000000000005E-004
2344.4770151200000 0.99436943406203793 1.00000000000000005E-004
2344.4871815500001 0.99478408375639027 1.00000000000000005E-004
2344.4973480300000 0.99515438568796599 1.00000000000000005E-004
2344.5075145500000 0.99548646837453036 1.00000000000000005E-004
2344.5176811100000 0.99578543361936367 1.00000000000000005E-004
2344.5278477200000 0.99605555697214609 1.00000000000000005E-004
2344.5380143799998 0.99630044339962320 1.00000000000000005E-004
2344.5481810800002 0.99652314998888680 1.00000000000000005E-004
2344.5583478200001 0.99672628343355962 1.00000000000000005E-004
2344.5685146000001 0.99691207769921175 1.00000000000000005E-004
2344.5786814399999 0.99708245609552537 1.00000000000000005E-004
2344.5888483099998 0.99723908171440057 1.00000000000000005E-004
2344.5990152300001 0.99738339889426253 1.00000000000000005E-004
2344.6091821900000 0.99751666691193142 1.00000000000000005E-004
2344.6193492000002 0.99763998767518336 1.00000000000000005E-004
2344.6295162500001 0.99775432878761872 1.00000000000000005E-004
2344.6396833399999 0.99786054284279790 1.00000000000000005E-004
2344.6498504800002 0.99795938349164603 1.00000000000000005E-004
2344.6600176699999 0.99805151877821607 1.00000000000000005E-004
2344.6701848900002 0.99813754262826204 1.00000000000000005E-004
2344.6803521600000 0.99821798464978218 1.00000000000000005E-004
2344.6905194800001 0.99829331820286493 1.00000000000000005E-004
2344.7006868399999 0.99836396737335342 1.00000000000000005E-004
2344.7108542400001 0.99843031311876729 1.00000000000000005E-004
2344.7210216899998 0.99849269842546695 1.00000000000000005E-004
2344.7311891800000 0.99855143272188063 1.00000000000000005E-004
2344.7413567200001 0.99860679575501277 1.00000000000000005E-004
2344.7515242999998 0.99865904093826241 1.00000000000000005E-004
2344.7616919200000 0.99870839830750990 1.00000000000000005E-004
2344.7718595900001 0.99875507706507982 1.00000000000000005E-004
2344.7820273000002 0.99879926777508021 1.00000000000000005E-004
2344.7921950599998 0.99884114433010562 1.00000000000000005E-004
2344.8023628599999 0.99888086566650358 1.00000000000000005E-004
2344.8125307000000 0.99891857730848510 1.00000000000000005E-004
2344.8226985900001 0.99895441270489982 1.00000000000000005E-004
2344.8328665200002 0.99898849439001325 1.00000000000000005E-004
2344.8430345000002 0.99902093504585376 1.00000000000000005E-004
2344.8532025200002 0.99905183843865519 1.00000000000000005E-004
2344.8633705900002 0.99908130024620012 1.00000000000000005E-004
2344.8735386899998 0.99910940882155364 1.00000000000000005E-004
2344.8837068500002 0.99913624585665139 1.00000000000000005E-004
2344.8938750399998 0.99916188695872465 1.00000000000000005E-004
2344.9040432900001 0.99918640219071830 1.00000000000000005E-004
2344.9142115700001 0.99920985654862449 1.00000000000000005E-004
2344.9243799000001 0.99923231041029470 1.00000000000000005E-004
2344.9345482700001 0.99925381992390783 1.00000000000000005E-004
2344.9447166900000 0.99927443734499166 1.00000000000000005E-004
2344.9548851499999 0.99929421136060625 1.00000000000000005E-004
2344.9650536600002 0.99931318737808139 1.00000000000000005E-004
2344.9752222100001 0.99933140778265606 1.00000000000000005E-004
2344.9853908000000 0.99934891218718180 1.00000000000000005E-004
2344.9955594399999 0.99936573764723424 1.00000000000000005E-004
2345.0057281200002 0.99938191884562599 1.00000000000000005E-004
2345.0158968500000 0.99939748827506236 1.00000000000000005E-004
2345.0260656199998 0.99941247640004505 1.00000000000000005E-004
2345.0362344300001 0.99942691181768528 1.00000000000000005E-004
2345.0464032899999 0.99944082139542312 1.00000000000000005E-004
2345.0565722000001 0.99945423037318293 1.00000000000000005E-004
2345.0667411400000 0.99946716248984735 1.00000000000000005E-004
2345.0769101300002 0.99947964010972357 1.00000000000000005E-004
2345.0870791699999 0.99949168429739954 1.00000000000000005E-004
2345.0972482500001 0.99950331489858402 1.00000000000000005E-004
2345.1074173699999 0.99951455064201800 1.00000000000000005E-004
2345.1175865400000 0.99952540921172961 1.00000000000000005E-004
2345.1277557499998 0.99953590730603981 1.00000000000000005E-004
2345.1379250000000 0.99954606071254515 1.00000000000000005E-004
2345.1480943000001 0.99955588437032139 1.00000000000000005E-004
2345.1582636500002 0.99956539241073128 1.00000000000000005E-004
2345.1684330399999 0.99957459820839756 1.00000000000000005E-004
2345.1786024700000 0.99958351443986582 1.00000000000000005E-004
2345.1887719400002 0.99959215313144445 1.00000000000000005E-004
2345.1989414599998 0.99960052569637226 1.00000000000000005E-004
2345.2091110299998 0.99960864301161856 1.00000000000000005E-004
2345.2192806399999 0.99961651614866132 1.00000000000000005E-004
2345.2294502899999 0.99962416150409727 1.00000000000000005E-004
2345.2396199800000 0.99963161744114837 1.00000000000000005E-004
2345.2497897300000 0.99963895152418314 1.00000000000000005E-004
2345.2599595100000 0.99964619179972436 1.00000000000000005E-004
2345.2701293400000 0.99965324579175008 1.00000000000000005E-004
2345.2802992100001 0.99965999874970202 1.00000000000000005E-004
2345.2904691300000 0.99966645230775519 1.00000000000000005E-004
2345.3006390900000 0.99967267540055194 1.00000000000000005E-004
2345.3108090900000 0.99967871417029486 1.00000000000000005E-004
2345.3209791400000 0.99968458572842533 1.00000000000000005E-004
2345.3311492399998 0.99969029760857497 1.00000000000000005E-004
2345.3413193699998 0.99969585565881591 1.00000000000000005E-004
2345.3514895600001 0.99970126536147430 1.00000000000000005E-004
2345.3616597800001 0.99970653194976300 1.00000000000000005E-004
2345.3718300500000 0.99971166043058812 1.00000000000000005E-004
2345.3820003699998 0.99971665559181799 1.00000000000000005E-004
2345.3921707200002 0.99972152201292974 1.00000000000000005E-004
2345.4023411200001 0.99972626408445364 1.00000000000000005E-004
2345.4125115699999 0.99973088601026483 1.00000000000000005E-004
2345.4226820600002 0.99973539181446724 1.00000000000000005E-004
2345.4328525999999 0.99973978535376207 1.00000000000000005E-004
2345.4430231699998 0.99974407032785539 1.00000000000000005E-004
2345.4531938000000 0.99974825028654335 1.00000000000000005E-004
2345.4633644599999 0.99975232863345298 1.00000000000000005E-004
2345.4735351700001 0.99975630863773657 1.00000000000000005E-004
2345.4837059299998 0.99976019343789180 1.00000000000000005E-004
2345.4938767300000 0.99976398604458871 1.00000000000000005E-004
2345.5040475699998 0.99976768935260441 1.00000000000000005E-004
2345.5142184599999 0.99977130614523257 1.00000000000000005E-004
2345.5243893900001 0.99977483909600151 1.00000000000000005E-004
2345.5345603599999 0.99977829077716796 1.00000000000000005E-004
2345.5447313800000 0.99978166366538801 1.00000000000000005E-004
2345.5549024500001 0.99978496014131235 1.00000000000000005E-004
2345.5650735600002 0.99978818249370915 1.00000000000000005E-004
2345.5752447099999 0.99979133292740341 1.00000000000000005E-004
2345.5854159000000 0.99979441356855991 1.00000000000000005E-004
2345.5955871400001 0.99979742646646874 1.00000000000000005E-004
2345.6057584300002 0.99980037359332785 1.00000000000000005E-004
2345.6159297600002 0.99980325684769678 1.00000000000000005E-004
2345.6261011299998 0.99980607806116406 1.00000000000000005E-004
2345.6362725399999 0.99980883900256745 1.00000000000000005E-004
2345.6464440000000 0.99981154137912176 1.00000000000000005E-004
2345.6566155099999 0.99981418683585588 1.00000000000000005E-004
2345.6667870599999 0.99981677695855820 1.00000000000000005E-004
2345.6769586500000 0.99981931327989637 1.00000000000000005E-004
2345.6871302899999 0.99982179728075238 1.00000000000000005E-004
2345.6973019699999 0.99982423038991797 1.00000000000000005E-004
2345.7074736899999 0.99982661398854122 1.00000000000000005E-004
2345.7176454599999 0.99982894941262801 1.00000000000000005E-004
2345.7278172800002 0.99983123795125362 1.00000000000000005E-004
2345.7379891300002 0.99983348085047941 1.00000000000000005E-004
2345.7481610400000 0.99983567931659278 1.00000000000000005E-004
2345.7583329800000 0.99983783451529351 1.00000000000000005E-004
2345.7685049699999 0.99983994757541150 1.00000000000000005E-004
2345.7786770100001 0.99984201958856300 1.00000000000000005E-004
2345.7888490800001 0.99984405161059653 1.00000000000000005E-004
2345.7990212099999 0.99984604466468840 1.00000000000000005E-004
2345.8091933699998 0.99984799974060290 1.00000000000000005E-004
2345.8193655800001 0.99984991779805765 1.00000000000000005E-004
2345.8295378399998 0.99985179976649008 1.00000000000000005E-004
2345.8397101400001 0.99985364654443432 1.00000000000000005E-004
2345.8498824799999 0.99985545900330475 1.00000000000000005E-004
2345.8600548600002 0.99985723798965698 1.00000000000000005E-004
2345.8702272999999 0.99985898432346931 1.00000000000000005E-004
2345.8803997700002 0.99986069879794282 1.00000000000000005E-004
2345.8905722899999 0.99986238218333101 1.00000000000000005E-004
2345.9007448500001 0.99986403522749467 1.00000000000000005E-004
2345.9109174599998 0.99986565865548827 1.00000000000000005E-004
2345.9210901100000 0.99986725317070935 1.00000000000000005E-004
2345.9312628100001 0.99986881945568706 1.00000000000000005E-004
2345.9414355499998 0.99987035817247394 1.00000000000000005E-004
2345.9516083300000 0.99987186996437183 1.00000000000000005E-004
2345.9617811600001 0.99987335545658107 1.00000000000000005E-004
2345.9719540299998 0.99987481525581012 1.00000000000000005E-004
2345.9821269499998 0.99987624995116786 1.00000000000000005E-004
2345.9922999099999 0.99987766011454371 1.00000000000000005E-004
2346.0024729100001 0.99987904630214386 1.00000000000000005E-004
2346.0126459600001 0.99988040905499642 1.00000000000000005E-004
2346.0228190500002 0.99988174889855763 1.00000000000000005E-004
2346.0329921900002 0.99988306634354385 1.00000000000000005E-004
2346.0431653700002 0.99988436188641816 1.00000000000000005E-004
2346.0533386000002 0.99988563600961156 1.00000000000000005E-004
2346.0635118599998 0.99988688918290014 1.00000000000000005E-004
2346.0736851800002 0.99988812186398912 1.00000000000000005E-004
2346.0838585400002 0.99988933449687323 1.00000000000000005E-004
2346.0940319400001 0.99989052751314000 1.00000000000000005E-004
2346.1042053800002 0.99989170133411376 1.00000000000000005E-004
2346.1143788700001 0.99989285637030212 1.00000000000000005E-004
2346.1245524100000 0.99989399302012349 1.00000000000000005E-004
2346.1347259800000 0.99989511167138401 1.00000000000000005E-004
2346.1448996099998 0.99989621270240503 1.00000000000000005E-004
2346.1550732699998 0.99989729648112802 1.00000000000000005E-004
2346.1652469800001 0.99989836336650062 1.00000000000000005E-004
2346.1754207399999 1.0000000000000000 1.00000000000000005E-004
2346.1855945299999 1.0000000000000000 1.00000000000000005E-004
2346.1957683800001 1.0000000000000000 1.00000000000000005E-004
2346.2059422600000 1.0000000000000000 1.00000000000000005E-004
2346.2161161899999 1.0000000000000000 1.00000000000000005E-004
2346.2262901700001 1.0000000000000000 1.00000000000000005E-004
2346.2364641899999 1.0000000000000000 1.00000000000000005E-004
2346.2466382500002 1.0000000000000000 1.00000000000000005E-004
2346.2568123599999 1.0000000000000000 1.00000000000000005E-004
2346.2669865100002 1.0000000000000000 1.00000000000000005E-004
2346.2771607099999 1.0000000000000000 1.00000000000000005E-004
2346.2873349500001 1.0000000000000000 1.00000000000000005E-004
2346.2975092299998 1.0000000000000000 1.00000000000000005E-004
2346.3076835600000 1.0000000000000000 1.00000000000000005E-004
2346.3178579300002 1.0000000000000000 1.00000000000000005E-004
2346.3280323499998 1.0000000000000000 1.00000000000000005E-004
2346.3382068100000 1.0000000000000000 1.00000000000000005E-004
2346.3483813100001 1.0000000000000000 1.00000000000000005E-004
2346.3585558599998 1.0000000000000000 1.00000000000000005E-004
2346.3687304499999 1.0000000000000000 1.00000000000000005E-004
