2850.3442101999999 1.0000000000000000 1.00000000000000005E-004
2850.3565702400001 1.0000000000000000 1.00000000000000005E-004
2850.3689303299998 1.0000000000000000 1.00000000000000005E-004
2850.3812904800002 1.0000000000000000 1.00000000000000005E-004
2850.3936506900000 1.0000000000000000 1.00000000000000005E-004
2850.4060109400002 1.0000000000000000 1.00000000000000005E-004
2850.4183712499998 1.0000000000000000 1.00000000000000005E-004
2850.4307316200002 1.0000000000000000 1.00000000000000005E-004
2850.4430920400000 1.0000000000000000 1.00000000000000005E-004
2850.4554525100002 1.0000000000000000 1.00000000000000005E-004
2850.4678130299999 1.0000000000000000 1.00000000000000005E-004
2850.4801736099998 1.0000000000000000 1.00000000000000005E-004
2850.4925342400002 1.0000000000000000 1.00000000000000005E-004
2850.5048949299999 1.0000000000000000 1.00000000000000005E-004
2850.5172556699999 1.0000000000000000 1.00000000000000005E-004
2850.5296164599999 1.0000000000000000 1.00000000000000005E-004
2850.5419773100002 1.0000000000000000 1.00000000000000005E-004
2850.5543382100000 1.0000000000000000 1.00000000000000005E-004
2850.5666991600001 1.0000000000000000 1.00000000000000005E-004
2850.5790601700000 1.0000000000000000 1.00000000000000005E-004
2850.5914212299999 0.99991378240573825 1.00000000000000005E-004
2850.6037823400002 0.99991287549854679 1.00000000000000005E-004
2850.6161435099998 0.99991195420895840 1.00000000000000005E-004
2850.6285047299998 0.99991101823123685 1.00000000000000005E-004
2850.6408660100001 0.99991006725176679 1.00000000000000005E-004
2850.6532273299999 0.99990910094823182 1.00000000000000005E-004
2850.6655887200000 0.99990811898935739 1.00000000000000005E-004
2850.6779501500000 0.99990712103530377 1.00000000000000005E-004
2850.6903116399999 0.99990610673652369 1.00000000000000005E-004
2850.7026731900000 0.99990507573418130 1.00000000000000005E-004
2850.7150347800002 0.99990402765999520 1.00000000000000005E-004
2850.7273964300002 0.99990296213441898 1.00000000000000005E-004
2850.7397581400000 0.99990187876777770 1.00000000000000005E-004
2850.7521198899999 0.99990077715978665 1.00000000000000005E-004
2850.7644817099999 0.99989965689839133 1.00000000000000005E-004
2850.7768435700000 0.99989851756033543 1.00000000000000005E-004
2850.7892054899999 0.99989735870997665 1.00000000000000005E-004
2850.8015674600001 0.99989617989880919 1.00000000000000005E-004
2850.8139294900002 0.99989498066573124 1.00000000000000005E-004
2850.8262915700002 0.99989376053671608 1.00000000000000005E-004
2850.8386537000001 0.99989251902384735 1.00000000000000005E-004
2850.8510158800000 0.99989125562402958 1.00000000000000005E-004
2850.8633781200001 0.99988996981887857 1.00000000000000005E-004
2850.8757404200001 0.99988866107543695 1.00000000000000005E-004
2850.8881027699999 0.99988732884568887 1.00000000000000005E-004
2850.9004651700002 0.99988597256472334 1.00000000000000005E-004
2850.9128276199999 0.99988459164960874 1.00000000000000005E-004
2850.9251901299999 0.99988318549958999 1.00000000000000005E-004
2850.9375526899998 0.99988175349602892 1.00000000000000005E-004
2850.9499153100001 0.99988029500165576 1.00000000000000005E-004
2850.9622779699998 0.99987880935898699 1.00000000000000005E-004
2850.9746406999998 0.99987729588961283 1.00000000000000005E-004
2850.9870034700002 0.99987575389447336 1.00000000000000005E-004
2850.9993663000000 0.99987418265174199 1.00000000000000005E-004
2851.0117291900001 0.99987258141711877 1.00000000000000005E-004
2851.0240921200002 0.99987094942315868 1.00000000000000005E-004
2851.0364551100001 0.99986928587593593 1.00000000000000005E-004
2851.0488181599999 0.99986758995617597 1.00000000000000005E-004
2851.0611812600000 0.99986586081941198 1.00000000000000005E-004
2851.0735444100001 0.99986409759305050 1.00000000000000005E-004
2851.0859076100000 0.99986229937446081 1.00000000000000005E-004
2851.0982708699999 0.99986046523082261 1.00000000000000005E-004
2851.1106341800000 0.99985859419861389 1.00000000000000005E-004
2851.1229975500000 0.99985668528200056 1.00000000000000005E-004
2851.1353609700000 0.99985473745175701 1.00000000000000005E-004
2851.1477244399998 0.99985274964283199 1.00000000000000005E-004
2851.1600879699999 0.99985072075299408 1.00000000000000005E-004
2851.1724515500000 0.99984864964279396 1.00000000000000005E-004
2851.1848151800000 0.99984653513248922 1.00000000000000005E-004
2851.1971788699998 0.99984437600034903 1.00000000000000005E-004
2851.2095426100000 0.99984217098241135 1.00000000000000005E-004
2851.2219064000001 0.99983991876891587 1.00000000000000005E-004
2851.2342702500000 0.99983761800188597 1.00000000000000005E-004
2851.2466341600002 0.99983526727615235 1.00000000000000005E-004
2851.2589981100000 0.99983286513605985 1.00000000000000005E-004
2851.2713621200000 0.99983041007042539 1.00000000000000005E-004
2851.2837261800000 0.99982790051185522 1.00000000000000005E-004
2851.2960902999998 0.99982533483544345 1.00000000000000005E-004
2851.3084544700000 0.99982271135609002 1.00000000000000005E-004
2851.3208186900001 0.99982002832407979 1.00000000000000005E-004
2851.3331829700001 0.99981728392210101 1.00000000000000005E-004
2851.3455472999999 0.99981447626387554 1.00000000000000005E-004
2851.3579116900000 0.99981160339115260 1.00000000000000005E-004
2851.3702761200002 0.99980866326896067 1.00000000000000005E-004
2851.3826406100002 0.99980565377972119 1.00000000000000005E-004
2851.3950051600000 0.99980257272279327 1.00000000000000005E-004
2851.4073697600002 0.99979941781222970 1.00000000000000005E-004
2851.4197344099998 0.99979618666843639 1.00000000000000005E-004
2851.4320991200002 0.99979287681415918 1.00000000000000005E-004
2851.4444638800001 0.99978948567233372 1.00000000000000005E-004
2851.4568286899998 0.99978601055871674 1.00000000000000005E-004
2851.4691935599999 0.99978244867649824 1.00000000000000005E-004
2851.4815584799999 0.99977879711326001 1.00000000000000005E-004
2851.4939234499998 0.99977505283239476 1.00000000000000005E-004
2851.5062884800000 0.99977121266644520 1.00000000000000005E-004
2851.5186535600001 0.99976727331239479 1.00000000000000005E-004
2851.5310187000000 0.99976323132418843 1.00000000000000005E-004
2851.5433838899999 0.99975908310611317 1.00000000000000005E-004
2851.5557491300001 0.99975482490328005 1.00000000000000005E-004
2851.5681144199998 0.99975045279047869 1.00000000000000005E-004
2851.5804797699998 0.99974596266476790 1.00000000000000005E-004
2851.5928451800000 0.99974135024102584 1.00000000000000005E-004
2851.6052106299999 0.99973661103887967 1.00000000000000005E-004
2851.6175761400000 0.99973174036530532 1.00000000000000005E-004
2851.6299417099999 0.99972673330927464 1.00000000000000005E-004
2851.6423073300002 0.99972158473296946 1.00000000000000005E-004
2851.6546730000000 0.99971628925304823 1.00000000000000005E-004
2851.6670387200002 0.99971084122406495 1.00000000000000005E-004
2851.6794045000001 0.99970523472633954 1.00000000000000005E-004
2851.6917703300001 0.99969946355198647 1.00000000000000005E-004
2851.7041362199998 0.99969352118670107 1.00000000000000005E-004
2851.7165021599999 0.99968740079214946 1.00000000000000005E-004
2851.7288681499999 0.99968109518300130 1.00000000000000005E-004
2851.7412341999998 0.99967459680608495 1.00000000000000005E-004
2851.7536003000000 0.99966789772253317 1.00000000000000005E-004
2851.7659664500002 0.99966098957864280 1.00000000000000005E-004
2851.7783326600002 0.99965386357925934 1.00000000000000005E-004
2851.7906989200001 0.99964651046384168 1.00000000000000005E-004
2851.8030652399998 0.99963892047659786 1.00000000000000005E-004
2851.8154316000000 0.99963108332964479 1.00000000000000005E-004
2851.8277980299999 0.99962298816826989 1.00000000000000005E-004
2851.8401644999999 0.99961462353926822 1.00000000000000005E-004
2851.8525310300001 0.99960597734434486 1.00000000000000005E-004
2851.8648976099998 0.99959703679560585 1.00000000000000005E-004
2851.8772642499998 0.99958778837335460 1.00000000000000005E-004
2851.8896309400002 0.99957821777534095 1.00000000000000005E-004
2851.9019976800000 0.99956830985564560 1.00000000000000005E-004
2851.9143644800001 0.99955804856405417 1.00000000000000005E-004
2851.9267313300002 0.99954741688634252 1.00000000000000005E-004
2851.9390982400000 0.99953639677263917 1.00000000000000005E-004
2851.9514651999998 0.99952496906319444 1.00000000000000005E-004
2851.9638322100000 0.99951311340083782 1.00000000000000005E-004
2851.9761992700001 0.99950080813260722 1.00000000000000005E-004
2851.9885663900000 0.99948803021495847 1.00000000000000005E-004
2852.0009335700001 0.99947475512028561 1.00000000000000005E-004
2852.0133007899999 0.99946095671135815 1.00000000000000005E-004
2852.0256680699999 0.99944660709449318 1.00000000000000005E-004
2852.0380354099998 0.99943167649903331 1.00000000000000005E-004
2852.0504027900001 0.99941613312327748 1.00000000000000005E-004
2852.0627702299998 0.99939994294098722 1.00000000000000005E-004
2852.0751377299998 0.99938306953387679 1.00000000000000005E-004
2852.0875052800002 0.99936547389849784 1.00000000000000005E-004
2852.0998728800000 0.99934711420146594 1.00000000000000005E-004
2852.1122405299998 0.99932794551997273 1.00000000000000005E-004
2852.1246082399998 0.99930791957341858 1.00000000000000005E-004
2852.1369760100001 0.99928698444174247 1.00000000000000005E-004
2852.1493438200000 0.99926508421599958 1.00000000000000005E-004
2852.1617116900002 0.99924215859530652 1.00000000000000005E-004
2852.1740796200002 0.99921814250312346 1.00000000000000005E-004
2852.1864475900002 0.99919296562505344 1.00000000000000005E-004
2852.1988156200000 0.99916655185378223 1.00000000000000005E-004
2852.2111837100001 0.99913881874247690 1.00000000000000005E-004
2852.2235518500001 0.99910967687910102 1.00000000000000005E-004
2852.2359200400001 0.99907902913204516 1.00000000000000005E-004
2852.2482882800000 0.99904676981985996 1.00000000000000005E-004
2852.2606565800002 0.99901278380755965 1.00000000000000005E-004
2852.2730249400001 0.99897694551392135 1.00000000000000005E-004
2852.2853933400002 0.99893911772600963 1.00000000000000005E-004
2852.2977618000000 0.99889915022955111 1.00000000000000005E-004
2852.3101303200001 0.99885687836593995 1.00000000000000005E-004
2852.3224988799998 0.99881212132939767 1.00000000000000005E-004
2852.3348675000002 0.99876468015379494 1.00000000000000005E-004
2852.3472361800000 0.99871433554192623 1.00000000000000005E-004
2852.3596049100001 0.99866084535238386 1.00000000000000005E-004
2852.3719736899998 0.99860394161319599 1.00000000000000005E-004
2852.3843425199998 0.99854332710877525 1.00000000000000005E-004
2852.3967114100001 0.99847867149024327 1.00000000000000005E-004
2852.4090803600002 0.99840960681492708 1.00000000000000005E-004
2852.4214493499999 0.99833572223330402 1.00000000000000005E-004
2852.4338183999998 0.99825655772989741 1.00000000000000005E-004
2852.4461875100001 0.99817159700842528 1.00000000000000005E-004
2852.4585566599999 0.99808025900145647 1.00000000000000005E-004
2852.4709258700000 0.99798188769744844 1.00000000000000005E-004
2852.4832951399999 0.99787574034755055 1.00000000000000005E-004
2852.4956644600002 0.99776097337204883 1.00000000000000005E-004
2852.5080338299999 0.99763662529394592 1.00000000000000005E-004
2852.5204032500001 0.99750159628701962 1.00000000000000005E-004
2852.5327727300000 0.99735462359864691 1.00000000000000005E-004
2852.5451422599999 0.99719425167470710 1.00000000000000005E-004
2852.5575118500001 0.99701879557406881 1.00000000000000005E-004
2852.5698814900002 0.99682629605245299 1.00000000000000005E-004
2852.5822511800002 0.99661446385212749 1.00000000000000005E-004
2852.5946209300000 0.99638061040767489 1.00000000000000005E-004
2852.6069907299998 0.99612156102394023 1.00000000000000005E-004
2852.6193605899998 0.99583354491318588 1.00000000000000005E-004
2852.6317304999998 0.99551205502972906 1.00000000000000005E-004
2852.6441004600001 0.99515166745704942 1.00000000000000005E-004
2852.6564704699999 0.99474580650332456 1.00000000000000005E-004
2852.6688405400000 0.99428643646314008 1.00000000000000005E-004
2852.6812106600000 0.99376365181917770 1.00000000000000005E-004
2852.6935808399999 0.99316512519551381 1.00000000000000005E-004
2852.7059510700001 0.99247535370941475 1.00000000000000005E-004
2852.7183213500002 0.99167461327980644 1.00000000000000005E-004
2852.7306916900002 0.99073748347588042 1.00000000000000005E-004
2852.7430620800001 0.98963072533255925 1.00000000000000005E-004
2852.7554325299998 0.98831015888506324 1.00000000000000005E-004
2852.7678030299999 0.98671595311159743 1.00000000000000005E-004
2852.7801735799999 0.98476530676783203 1.00000000000000005E-004
2852.7925441799998 0.98234066873061365 1.00000000000000005E-004
2852.8049148400000 0.97926991900838578 1.00000000000000005E-004
2852.8172855500002 0.97529032248784986 1.00000000000000005E-004
2852.8296563200001 0.96996469977335564 1.00000000000000005E-004
2852.8420271400000 0.96234151012922242 1.00000000000000005E-004
2852.8543980099998 0.94915868284296467 1.00000000000000005E-004
2852.8667689399999 0.91804721830685476 1.00000000000000005E-004
2852.8791399199999 0.83656582495456533 1.00000000000000005E-004
2852.8915109599998 0.66499301143545686 1.00000000000000005E-004
2852.9038820500000 0.41824759252037857 1.00000000000000005E-004
2852.9162531900001 0.19034165711863585 1.00000000000000005E-004
2852.9286243800002 5.86249103030460836E-002 1.00000000000000005E-004
2852.9409956300001 1.16747396214412508E-002 1.00000000000000005E-004
2852.9533669399998 1.48104552803313290E-003 1.00000000000000005E-004
2852.9657382900000 5.16949576015756957E-004 1.00000000000000005E-004
2852.9781097000000 4.18796387615645235E-003 1.00000000000000005E-004
2852.9904811699998 2.67255768614980370E-002 1.00000000000000005E-004
2853.0028526800002 0.10846257523417843 1.00000000000000005E-004
2853.0152242499998 0.29020089044977204 1.00000000000000005E-004
2853.0275958799998 0.54092000701170584 1.00000000000000005E-004
2853.0399675600002 0.75953006761174346 1.00000000000000005E-004
2853.0523392900000 0.88470028377392995 1.00000000000000005E-004
2853.0647110800001 0.93663563524576010 1.00000000000000005E-004
2853.0770829100002 0.95656460570568425 1.00000000000000005E-004
2853.0894548100000 0.96636046228629480 1.00000000000000005E-004
2853.1018267499999 0.97270245548062850 1.00000000000000005E-004
2853.1141987500000 0.97731559112313571 1.00000000000000005E-004
2853.1265708100000 0.98082238708002789 1.00000000000000005E-004
2853.1389429199999 0.98355998279999324 1.00000000000000005E-004
2853.1513150800001 0.98574184899182205 1.00000000000000005E-004
2853.1636872899999 0.98751094519870730 1.00000000000000005E-004
2853.1760595599999 0.98896643657042060 1.00000000000000005E-004
2853.1884318799998 0.99017906576185777 1.00000000000000005E-004
2853.2008042600000 0.99120050132820847 1.00000000000000005E-004
2853.2131766900002 0.99206924917803374 1.00000000000000005E-004
2853.2255491699998 0.99281451385376696 1.00000000000000005E-004
2853.2379217100001 0.99345878959455358 1.00000000000000005E-004
2853.2502943000000 0.99401964046473101 1.00000000000000005E-004
2853.2626669400001 0.99451095028588310 1.00000000000000005E-004
2853.2750396400002 0.99494381562797973 1.00000000000000005E-004
2853.2874123900001 0.99532719435121808 1.00000000000000005E-004
2853.2997851999999 0.99566838410253500 1.00000000000000005E-004
2853.3121580600000 0.99597337978384270 1.00000000000000005E-004
2853.3245309700001 0.99624714414444104 1.00000000000000005E-004
2853.3369039300001 0.99649381481541477 1.00000000000000005E-004
2853.3492769499999 0.99671686406980975 1.00000000000000005E-004
2853.3616500300000 0.99691922337162275 1.00000000000000005E-004
2853.3740231500001 0.99710338180619940 1.00000000000000005E-004
2853.3863963300000 0.99727146428848445 1.00000000000000005E-004
2853.3987695699998 0.99742529363443533 1.00000000000000005E-004
2853.4111428599999 0.99756644069565548 1.00000000000000005E-004
2853.4235162000000 0.99769626527390320 1.00000000000000005E-004
2853.4358895900000 0.99781594938753038 1.00000000000000005E-004
2853.4482630399998 0.99792652445584240 1.00000000000000005E-004
2853.4606365499999 0.99802889367530900 1.00000000000000005E-004
2853.4730101000000 0.99812385077505150 1.00000000000000005E-004
2853.4853837100000 0.99821209569324543 1.00000000000000005E-004
2853.4977573699998 0.99829424752996365 1.00000000000000005E-004
2853.5101310900000 0.99837085548231996 1.00000000000000005E-004
2853.5225048600000 0.99844240813857477 1.00000000000000005E-004
2853.5348786899999 0.99850934134408942 1.00000000000000005E-004
2853.5472525700002 0.99857204488303453 1.00000000000000005E-004
2853.5596264999999 0.99863086822582547 1.00000000000000005E-004
2853.5720004800000 0.99868612546747038 1.00000000000000005E-004
2853.5843745200000 0.99873809951634274 1.00000000000000005E-004
2853.5967486099998 0.99878704572399224 1.00000000000000005E-004
2853.6091227600000 0.99883319505772861 1.00000000000000005E-004
2853.6214969600001 0.99887675684028132 1.00000000000000005E-004
2853.6338712100001 0.99891792116394906 1.00000000000000005E-004
2853.6462455199999 0.99895686097473479 1.00000000000000005E-004
2853.6586198800001 0.99899373387639401 1.00000000000000005E-004
2853.6709943000001 0.99902868374125198 1.00000000000000005E-004
2853.6833687700000 0.99906184211605398 1.00000000000000005E-004
2853.6957432899999 0.99909332948060936 1.00000000000000005E-004
2853.7081178600001 0.99912325636524857 1.00000000000000005E-004
2853.7204924900002 0.99915172430924803 1.00000000000000005E-004
2853.7328671800001 0.99917882669420455 1.00000000000000005E-004
2853.7452419100000 0.99920464953597155 1.00000000000000005E-004
2853.7576167000002 0.99922927220541347 1.00000000000000005E-004
2853.7699915500002 0.99925276800364349 1.00000000000000005E-004
2853.7823664500002 0.99927520469539555 1.00000000000000005E-004
2853.7947414000000 0.99929664502830662 1.00000000000000005E-004
2853.8071163999998 0.99931714718134512 1.00000000000000005E-004
2853.8194914599999 0.99933676514675163 1.00000000000000005E-004
2853.8318665699999 0.99935554907937663 1.00000000000000005E-004
2853.8442417400001 0.99937354562340064 1.00000000000000005E-004
2853.8566169599999 0.99939079820142185 1.00000000000000005E-004
2853.8689922300000 0.99940734728682945 1.00000000000000005E-004
2853.8813675599999 0.99942323064001681 1.00000000000000005E-004
2853.8937429399998 0.99943848351231390 1.00000000000000005E-004
2853.9061183700001 0.99945313885441545 1.00000000000000005E-004
2853.9184938600001 0.99946722749543015 1.00000000000000005E-004
2853.9308694000001 0.99948077829731896 1.00000000000000005E-004
2853.9432449999999 0.99949381830544004 1.00000000000000005E-004
2853.9556206500001 0.99950637288250099 1.00000000000000005E-004
2853.9679963499998 0.99951846583927972 1.00000000000000005E-004
2853.9803721100002 0.99953011954654591 1.00000000000000005E-004
2853.9927479200001 0.99954135502997576 1.00000000000000005E-004
2854.0051237799998 0.99955219207402557 1.00000000000000005E-004
2854.0174996999999 0.99956264930896233 1.00000000000000005E-004
2854.0298756699999 0.99957274428329723 1.00000000000000005E-004
2854.0422516899998 0.99958249354548978 1.00000000000000005E-004
2854.0546277700000 0.99959191271228220 1.00000000000000005E-004
2854.0670039000001 0.99960101652594557 1.00000000000000005E-004
2854.0793800900001 0.99960981891358403 1.00000000000000005E-004
2854.0917563300000 0.99961833303956205 1.00000000000000005E-004
2854.1041326200002 0.99962657135958333 1.00000000000000005E-004
2854.1165089699998 0.99963454566548859 1.00000000000000005E-004
2854.1288853699998 0.99964226712147886 1.00000000000000005E-004
2854.1412618200002 0.99964974630940451 1.00000000000000005E-004
2854.1536383299999 0.99965699326528490 1.00000000000000005E-004
2854.1660148900000 0.99966401750854383 1.00000000000000005E-004
2854.1783915100000 0.99967082807362218 1.00000000000000005E-004
2854.1907681700000 0.99967743354325234 1.00000000000000005E-004
2854.2031449000001 0.99968384207501015 1.00000000000000005E-004
2854.2155216699998 0.99969006142162520 1.00000000000000005E-004
2854.2278984999998 0.99969609895933687 1.00000000000000005E-004
2854.2402753800002 0.99970196171006898 1.00000000000000005E-004
2854.2526523199999 0.99970765635853143 1.00000000000000005E-004
2854.2650293100000 0.99971318927220665 1.00000000000000005E-004
2854.2774063600000 0.99971856651855684 1.00000000000000005E-004
2854.2897834500000 0.99972379388468047 1.00000000000000005E-004
2854.3021606100001 0.99972887689239098 1.00000000000000005E-004
2854.3145378099998 0.99973382080896800 1.00000000000000005E-004
2854.3269150699998 0.99973863066472068 1.00000000000000005E-004
2854.3392923800002 0.99974331126594396 1.00000000000000005E-004
2854.3516697499999 0.99974786720404296 1.00000000000000005E-004
2854.3640471700000 0.99975230286694383 1.00000000000000005E-004
2854.3764246400001 0.99975662245246577 1.00000000000000005E-004
2854.3888021700000 0.99976082997813942 1.00000000000000005E-004
2854.4011797500002 0.99976492928788907 1.00000000000000005E-004
2854.4135573899998 0.99976892406097095 1.00000000000000005E-004
2854.4259350699999 0.99977281782267302 1.00000000000000005E-004
2854.4383128200002 0.99977661395189255 1.00000000000000005E-004
2854.4506906100000 0.99978031568576786 1.00000000000000005E-004
2854.4630684600002 0.99978392612987055 1.00000000000000005E-004
2854.4754463700001 0.99978744826204402 1.00000000000000005E-004
2854.4878243200001 0.99979088493815027 1.00000000000000005E-004
2854.5002023299999 0.99979423890281316 1.00000000000000005E-004
2854.5125803999999 0.99979751278992135 1.00000000000000005E-004
2854.5249585100000 0.99980070912834751 1.00000000000000005E-004
2854.5373366899998 0.99980383034923814 1.00000000000000005E-004
2854.5497149100001 0.99980687878786823 1.00000000000000005E-004
2854.5620931899998 0.99980985669020761 1.00000000000000005E-004
2854.5744715199999 0.99981276621709092 1.00000000000000005E-004
2854.5868499100002 0.99981560944637127 1.00000000000000005E-004
2854.5992283500000 0.99981838837673032 1.00000000000000005E-004
2854.6116068400001 0.99982110493288345 1.00000000000000005E-004
2854.6239853900001 0.99982376096871850 1.00000000000000005E-004
2854.6363639900001 0.99982635826843058 1.00000000000000005E-004
2854.6487426399999 0.99982889855152901 1.00000000000000005E-004
2854.6611213500000 0.99983138347581246 1.00000000000000005E-004
2854.6735001100001 0.99983381463867682 1.00000000000000005E-004
2854.6858789299999 0.99983619358004627 1.00000000000000005E-004
2854.6982578000002 0.99983852178454002 1.00000000000000005E-004
2854.7106367199999 0.99984080068508052 1.00000000000000005E-004
2854.7230156999999 0.99984303166488719 1.00000000000000005E-004
2854.7353947299998 0.99984521605789423 1.00000000000000005E-004
2854.7477738100001 0.99984735515243162 1.00000000000000005E-004
2854.7601529499998 0.99984945019325100 1.00000000000000005E-004
2854.7725321399998 0.99985150238217002 1.00000000000000005E-004
2854.7849113900002 0.99985351288007063 1.00000000000000005E-004
2854.7972906900000 0.99985548280816228 1.00000000000000005E-004
2854.8096700400001 0.99985741325031896 1.00000000000000005E-004
2854.8220494399998 0.99985930525567734 1.00000000000000005E-004
2854.8344289000001 0.99986115983920021 1.00000000000000005E-004
2854.8468084199999 0.99986297798102586 1.00000000000000005E-004
2854.8591879800001 0.99986476062930951 1.00000000000000005E-004
2854.8715676100001 0.99986650870246163 1.00000000000000005E-004
2854.8839472800000 0.99986822308865186 1.00000000000000005E-004
2854.8963270099998 0.99986990464810721 1.00000000000000005E-004
2854.9087067900000 0.99987155421414708 1.00000000000000005E-004
2854.9210866300000 0.99987317259301411 1.00000000000000005E-004
2854.9334665100000 0.99987476056606928 1.00000000000000005E-004
2854.9458464600002 0.99987631889072726 1.00000000000000005E-004
2854.9582264500000 0.99987784830031423 1.00000000000000005E-004
2854.9706065000000 0.99987934950637758 1.00000000000000005E-004
2854.9829866099999 0.99988082319864446 1.00000000000000005E-004
2854.9953667700001 0.99988227004465635 1.00000000000000005E-004
2855.0077469799999 0.99988369069216776 1.00000000000000005E-004
2855.0201272400000 0.99988508577041446 1.00000000000000005E-004
2855.0325075599999 0.99988645588993730 1.00000000000000005E-004
2855.0448879300002 0.99988780164272706 1.00000000000000005E-004
2855.0572683599999 0.99988912360317894 1.00000000000000005E-004
2855.0696488399999 0.99989042232856495 1.00000000000000005E-004
2855.0820293699999 0.99989169836033231 1.00000000000000005E-004
2855.0944099600001 0.99989295222454899 1.00000000000000005E-004
2855.1067905999998 0.99989418443149669 1.00000000000000005E-004
2855.1191712899999 0.99989539547714334 1.00000000000000005E-004
2855.1315520399999 0.99989658584370344 1.00000000000000005E-004
2855.1439328400002 0.99989775599945474 1.00000000000000005E-004
2855.1563136999998 0.99989890639937107 1.00000000000000005E-004
2855.1686946099999 0.99990003748542233 1.00000000000000005E-004
2855.1810755699998 0.99990114968762922 1.00000000000000005E-004
2855.1934565900001 0.99990224342437317 1.00000000000000005E-004
2855.2058376599998 0.99990331910196240 1.00000000000000005E-004
2855.2182187799999 0.99990437711583935 1.00000000000000005E-004
2855.2305999599998 0.99990541785100540 1.00000000000000005E-004
2855.2429811900001 0.99990644168179865 1.00000000000000005E-004
2855.2553624799998 0.99990744897236039 1.00000000000000005E-004
2855.2677438199999 0.99990844007676405 1.00000000000000005E-004
2855.2801252099998 0.99990941533971600 1.00000000000000005E-004
2855.2925066500002 0.99991037509741576 1.00000000000000005E-004
2855.3048881499999 0.99991131967741542 1.00000000000000005E-004
2855.3172697099999 0.99991224939787626 1.00000000000000005E-004
2855.3296513099999 0.99991316456861457 1.00000000000000005E-004
2855.3420329800001 1.0000000000000000 1.00000000000000005E-004
2855.3544146899999 1.0000000000000000 1.00000000000000005E-004
2855.3667964599999 1.0000000000000000 1.00000000000000005E-004
2855.3791782799999 1.0000000000000000 1.00000000000000005E-004
2855.3915601600002 1.0000000000000000 1.00000000000000005E-004
2855.4039420899999 1.0000000000000000 1.00000000000000005E-004
2855.4163240700000 1.0000000000000000 1.00000000000000005E-004
2855.4287061099999 1.0000000000000000 1.00000000000000005E-004
2855.4410882000002 1.0000000000000000 1.00000000000000005E-004
2855.4534703400000 1.0000000000000000 1.00000000000000005E-004
2855.4658525400000 1.0000000000000000 1.00000000000000005E-004
2855.4782347900000 1.0000000000000000 1.00000000000000005E-004
2855.4906170899999 1.0000000000000000 1.00000000000000005E-004
2855.5029994500001 1.0000000000000000 1.00000000000000005E-004
2855.5153818700001 1.0000000000000000 1.00000000000000005E-004
2855.5277643300001 1.0000000000000000 1.00000000000000005E-004
2855.5401468499999 1.0000000000000000 1.00000000000000005E-004
2855.5525294300000 1.0000000000000000 1.00000000000000005E-004
2855.5649120500002 1.0000000000000000 1.00000000000000005E-004
2855.5772947300002 1.0000000000000000 1.00000000000000005E-004
