2793.7849062999999 1.0000000000000000 1.00000000000000005E-004
2793.7970210799999 1.0000000000000000 1.00000000000000005E-004
2793.8091359199998 1.0000000000000000 1.00000000000000005E-004
2793.8212508000001 1.0000000000000000 1.00000000000000005E-004
2793.8333657399999 1.0000000000000000 1.00000000000000005E-004
2793.8454807399999 1.0000000000000000 1.00000000000000005E-004
2793.8575957799999 1.0000000000000000 1.00000000000000005E-004
2793.8697108800002 1.0000000000000000 1.00000000000000005E-004
2793.8818260300000 1.0000000000000000 1.00000000000000005E-004
2793.8939412300001 1.0000000000000000 1.00000000000000005E-004
2793.9060564900001 1.0000000000000000 1.00000000000000005E-004
2793.9181717900001 1.0000000000000000 1.00000000000000005E-004
2793.9302871499999 1.0000000000000000 1.00000000000000005E-004
2793.9424025700000 1.0000000000000000 1.00000000000000005E-004
2793.9545180300001 1.0000000000000000 1.00000000000000005E-004
2793.9666335500001 1.0000000000000000 1.00000000000000005E-004
2793.9787491200000 1.0000000000000000 1.00000000000000005E-004
2793.9908647399998 1.0000000000000000 1.00000000000000005E-004
2794.0029804199999 1.0000000000000000 1.00000000000000005E-004
2794.0150961499999 1.0000000000000000 1.00000000000000005E-004
2794.0272119299998 0.99907933362716794 1.00000000000000005E-004
2794.0393277600001 0.99906966280579745 1.00000000000000005E-004
2794.0514436499998 0.99905983885578709 1.00000000000000005E-004
2794.0635595799999 0.99904985852693151 1.00000000000000005E-004
2794.0756755799998 0.99903971848108586 1.00000000000000005E-004
2794.0877916200002 0.99902941529844069 1.00000000000000005E-004
2794.0999077100000 0.99901894546110370 1.00000000000000005E-004
2794.1120238600001 0.99900830534924945 1.00000000000000005E-004
2794.1241400600002 0.99899749125035486 1.00000000000000005E-004
2794.1362563200000 0.99898649935490225 1.00000000000000005E-004
2794.1483726199999 0.99897532574781767 1.00000000000000005E-004
2794.1604889800001 0.99896396639838403 1.00000000000000005E-004
2794.1726053900002 0.99895241716365002 1.00000000000000005E-004
2794.1847218600001 0.99894067379199258 1.00000000000000005E-004
2794.1968383700000 0.99892873191210718 1.00000000000000005E-004
2794.2089549399998 0.99891658702127872 1.00000000000000005E-004
2794.2210715599999 0.99890423448844956 1.00000000000000005E-004
2794.2331882399999 0.99889166955771735 1.00000000000000005E-004
2794.2453049599999 0.99887888733620589 1.00000000000000005E-004
2794.2574217400002 0.99886588278110977 1.00000000000000005E-004
2794.2695385699999 0.99885265070253770 1.00000000000000005E-004
2794.2816554599999 0.99883918576681363 1.00000000000000005E-004
2794.2937723900000 0.99882548248302261 1.00000000000000005E-004
2794.3058893799998 0.99881153518862498 1.00000000000000005E-004
2794.3180064200001 0.99879733805198823 1.00000000000000005E-004
2794.3301235200001 0.99878288507544188 1.00000000000000005E-004
2794.3422406599998 0.99876817008036600 1.00000000000000005E-004
2794.3543578600002 0.99875318669086011 1.00000000000000005E-004
2794.3664751100000 0.99873792833499908 1.00000000000000005E-004
2794.3785924200001 0.99872238824518889 1.00000000000000005E-004
2794.3907097800002 0.99870655945330611 1.00000000000000005E-004
2794.4028271799998 0.99869043476433927 1.00000000000000005E-004
2794.4149446500001 0.99867400674840556 1.00000000000000005E-004
2794.4270621599999 0.99865726775375296 1.00000000000000005E-004
2794.4391797300000 0.99864020988363755 1.00000000000000005E-004
2794.4512973500000 0.99862282498932764 1.00000000000000005E-004
2794.4634150200000 0.99860510466336827 1.00000000000000005E-004
2794.4755327399998 0.99858704021633993 1.00000000000000005E-004
2794.4876505200000 0.99856862267567825 1.00000000000000005E-004
2794.4997683500001 0.99854984278493009 1.00000000000000005E-004
2794.5118862300001 0.99853069097879332 1.00000000000000005E-004
2794.5240041699999 0.99851115737415830 1.00000000000000005E-004
2794.5361221500002 0.99849123175999743 1.00000000000000005E-004
2794.5482401899999 0.99847090356630086 1.00000000000000005E-004
2794.5603582899998 0.99845016187627567 1.00000000000000005E-004
2794.5724764299998 0.99842899541246910 1.00000000000000005E-004
2794.5845946300001 0.99840739249406318 1.00000000000000005E-004
2794.5967128799998 0.99838534103892873 1.00000000000000005E-004
2794.6088311799999 0.99836282854359848 1.00000000000000005E-004
2794.6209495399999 0.99833984206152759 1.00000000000000005E-004
2794.6330679500002 0.99831636820190861 1.00000000000000005E-004
2794.6451864100000 0.99829239309924123 1.00000000000000005E-004
2794.6573049200001 0.99826790238292273 1.00000000000000005E-004
2794.6694234800002 0.99824288115443549 1.00000000000000005E-004
2794.6815421000001 0.99821731397331837 1.00000000000000005E-004
2794.6936607700000 0.99819118484293023 1.00000000000000005E-004
2794.7057795000001 0.99816447718586143 1.00000000000000005E-004
2794.7178982700002 0.99813717380721589 1.00000000000000005E-004
2794.7300171000002 0.99810925685290830 1.00000000000000005E-004
2794.7421359800001 0.99808070780087188 1.00000000000000005E-004
2794.7542549099999 0.99805150742488391 1.00000000000000005E-004
2794.7663739000000 0.99802163575667291 1.00000000000000005E-004
2794.7784929400000 0.99799107207414228 1.00000000000000005E-004
2794.7906120299999 0.99795979484898756 1.00000000000000005E-004
2794.8027311699998 0.99792778168928753 1.00000000000000005E-004
2794.8148503699999 0.99789500931820152 1.00000000000000005E-004
2794.8269696200000 0.99786145355269273 1.00000000000000005E-004
2794.8390889200000 0.99782708923913210 1.00000000000000005E-004
2794.8512082699999 0.99779189018401260 1.00000000000000005E-004
2794.8633276800001 0.99775582912479810 1.00000000000000005E-004
2794.8754471399998 0.99771887770039769 1.00000000000000005E-004
2794.8875666499998 0.99768100637367541 1.00000000000000005E-004
2794.8996862099998 0.99764218434801277 1.00000000000000005E-004
2794.9118058300000 0.99760237952754527 1.00000000000000005E-004
2794.9239255000002 0.99756155847652683 1.00000000000000005E-004
2794.9360452199999 0.99751968632516896 1.00000000000000005E-004
2794.9481649899999 0.99747672666817377 1.00000000000000005E-004
2794.9602848200002 0.99743264151082367 1.00000000000000005E-004
2794.9724047000000 0.99738739121349551 1.00000000000000005E-004
2794.9845246300001 0.99734093437622984 1.00000000000000005E-004
2794.9966446100002 0.99729322771432305 1.00000000000000005E-004
2795.0087646500001 0.99724422598434648 1.00000000000000005E-004
2795.0208847399999 0.99719388190554992 1.00000000000000005E-004
2795.0330048800001 0.99714214601010953 1.00000000000000005E-004
2795.0451250800002 0.99708896653131973 1.00000000000000005E-004
2795.0572453200002 0.99703428928454452 1.00000000000000005E-004
2795.0693656200001 0.99697805748752089 1.00000000000000005E-004
2795.0814859699999 0.99692021163838296 1.00000000000000005E-004
2795.0936063800000 0.99686068938231120 1.00000000000000005E-004
2795.1057268400000 0.99679942534735455 1.00000000000000005E-004
2795.1178473499999 0.99673635094437540 1.00000000000000005E-004
2795.1299679099998 0.99667139415141104 1.00000000000000005E-004
2795.1420885200000 0.99660447930655949 1.00000000000000005E-004
2795.1542091900001 0.99653552691409186 1.00000000000000005E-004
2795.1663299100001 0.99646445344331203 1.00000000000000005E-004
2795.1784506800000 0.99639117101912578 1.00000000000000005E-004
2795.1905715100002 0.99631558714921375 1.00000000000000005E-004
2795.2026923899998 0.99623760449326160 1.00000000000000005E-004
2795.2148133199998 0.99615712051101213 1.00000000000000005E-004
2795.2269342999998 0.99607402708074022 1.00000000000000005E-004
2795.2390553400000 0.99598821019891415 1.00000000000000005E-004
2795.2511764199999 0.99589954958650606 1.00000000000000005E-004
2795.2632975600000 0.99580791818309722 1.00000000000000005E-004
2795.2754187599999 0.99571318180793300 1.00000000000000005E-004
2795.2875399999998 0.99561519867314030 1.00000000000000005E-004
2795.2996613000000 0.99551381872231492 1.00000000000000005E-004
2795.3117826500002 0.99540888312593268 1.00000000000000005E-004
2795.3239040600001 0.99530022373243798 1.00000000000000005E-004
2795.3360255100001 0.99518766233471256 1.00000000000000005E-004
2795.3481470199999 0.99507100986600738 1.00000000000000005E-004
2795.3602685800001 0.99495006567264455 1.00000000000000005E-004
2795.3723902000002 0.99482461673039702 1.00000000000000005E-004
2795.3845118600002 0.99469443663572576 1.00000000000000005E-004
2795.3966335800001 0.99455928449998854 1.00000000000000005E-004
2795.4087553499999 0.99441890391238197 1.00000000000000005E-004
2795.4208771799999 0.99427302181619048 1.00000000000000005E-004
2795.4329990500000 0.99412134709933297 1.00000000000000005E-004
2795.4451209800000 0.99396356904394689 1.00000000000000005E-004
2795.4572429599998 0.99379935582521217 1.00000000000000005E-004
2795.4693649999999 0.99362835287595208 1.00000000000000005E-004
2795.4814870800001 0.99345018087967929 1.00000000000000005E-004
2795.4936092200001 0.99326443354952942 1.00000000000000005E-004
2795.5057314100000 0.99307067540275507 1.00000000000000005E-004
2795.5178536600001 0.99286843929465107 1.00000000000000005E-004
2795.5299759599998 0.99265722362163022 1.00000000000000005E-004
2795.5420983099998 0.99243648914497706 1.00000000000000005E-004
2795.5542207100002 0.99220565546775741 1.00000000000000005E-004
2795.5663431600001 0.99196409721096501 1.00000000000000005E-004
2795.5784656699998 0.99171113987120163 1.00000000000000005E-004
2795.5905882299999 0.99144605525158913 1.00000000000000005E-004
2795.6027108399999 0.99116805604298730 1.00000000000000005E-004
2795.6148335100002 0.99087629003019440 1.00000000000000005E-004
2795.6269562200000 0.99056983360610118 1.00000000000000005E-004
2795.6390789900001 0.99024768419388787 1.00000000000000005E-004
2795.6512018200001 0.98990875246037013 1.00000000000000005E-004
2795.6633246900001 0.98955185314860006 1.00000000000000005E-004
2795.6754476199999 0.98917569427795626 1.00000000000000005E-004
2795.6875706000001 0.98877886576073015 1.00000000000000005E-004
2795.6996936300002 0.98835982614964690 1.00000000000000005E-004
2795.7118167200001 0.98791688761721774 1.00000000000000005E-004
2795.7239398600000 0.98744819931241878 1.00000000000000005E-004
2795.7360630500002 0.98695172783497764 1.00000000000000005E-004
2795.7481862899999 0.98642523492710721 1.00000000000000005E-004
2795.7603095899999 0.98586625263925542 1.00000000000000005E-004
2795.7724329299999 0.98527205435782939 1.00000000000000005E-004
2795.7845563400001 0.98463962150610762 1.00000000000000005E-004
2795.7966797899999 0.98396560575620107 1.00000000000000005E-004
2795.8088032999999 0.98324628447467755 1.00000000000000005E-004
2795.8209268500000 0.98247750896221853 1.00000000000000005E-004
2795.8330504700002 0.98165464516691892 1.00000000000000005E-004
2795.8451741300000 0.98077250456683407 1.00000000000000005E-004
2795.8572978500001 0.97982526213208554 1.00000000000000005E-004
2795.8694216099998 0.97880635979020592 1.00000000000000005E-004
2795.8815454400001 0.97770839373662422 1.00000000000000005E-004
2795.8936693100000 0.97652298101057544 1.00000000000000005E-004
2795.9057932400001 0.97524059923512918 1.00000000000000005E-004
2795.9179172200002 0.97385039628000358 1.00000000000000005E-004
2795.9300412500002 0.97233996179712134 1.00000000000000005E-004
2795.9421653300001 0.97069505024814784 1.00000000000000005E-004
2795.9542894699998 0.96889924720097842 1.00000000000000005E-004
2795.9664136599999 0.96693356286586363 1.00000000000000005E-004
2795.9785379000000 0.96477593145724960 1.00000000000000005E-004
2795.9906621999999 0.96240059588629701 1.00000000000000005E-004
2796.0027865400002 0.95977734437859530 1.00000000000000005E-004
2796.0149109399999 0.95687055449206548 1.00000000000000005E-004
2796.0270353900000 0.95363799416722594 1.00000000000000005E-004
2796.0391599000000 0.95002930248058715 1.00000000000000005E-004
2796.0512844599998 0.94598404788497603 1.00000000000000005E-004
2796.0634090700000 0.94142922489867520 1.00000000000000005E-004
2796.0755337300002 0.93627599928648353 1.00000000000000005E-004
2796.0876584500002 0.93041544300739831 1.00000000000000005E-004
2796.0997832100002 0.92371287499911958 1.00000000000000005E-004
2796.1119080300000 0.91600027066631962 1.00000000000000005E-004
2796.1240329100001 0.90706599097570506 1.00000000000000005E-004
2796.1361578299998 0.89664068041722722 1.00000000000000005E-004
2796.1482828100002 0.88437766001894014 1.00000000000000005E-004
2796.1604078400001 0.86982537033311447 1.00000000000000005E-004
2796.1725329199999 0.85238811453544472 1.00000000000000005E-004
2796.1846580599999 0.83126952643548924 1.00000000000000005E-004
2796.1967832500000 0.80539035870227882 1.00000000000000005E-004
2796.2089084899999 0.77326492784286538 1.00000000000000005E-004
2796.2210337800002 0.73277275590163637 1.00000000000000005E-004
2796.2331591299999 0.68048435342570568 1.00000000000000005E-004
2796.2452845299999 0.60966213453698559 1.00000000000000005E-004
2796.2574099799999 0.50843296869845400 1.00000000000000005E-004
2796.2695354799998 0.36926919006079095 1.00000000000000005E-004
2796.2816610400000 0.21364754473088868 1.00000000000000005E-004
2796.2937866500001 9.01873256275915886E-002 1.00000000000000005E-004
2796.3059123100002 2.59070760032741737E-002 1.00000000000000005E-004
2796.3180380300000 4.82056107454322154E-003 1.00000000000000005E-004
2796.3301637899999 5.61738500076455066E-004 1.00000000000000005E-004
2796.3422896100001 4.01232581317996151E-005 1.00000000000000005E-004
2796.3544154800002 4.52692301328057729E-006 1.00000000000000005E-004
2796.3665414100001 6.08105429915941002E-005 1.00000000000000005E-004
2796.3786673899999 7.91859537832097335E-004 1.00000000000000005E-004
2796.3907934099998 6.32913057089468361E-003 1.00000000000000005E-004
2796.4029194999998 3.18060749231243861E-002 1.00000000000000005E-004
2796.4150456299999 0.10416501184942116 1.00000000000000005E-004
2796.4271718199998 0.23427622260146866 1.00000000000000005E-004
2796.4392980600001 0.38930228499926700 1.00000000000000005E-004
2796.4514243499998 0.52277908103142623 1.00000000000000005E-004
2796.4635506999998 0.61885223555878832 1.00000000000000005E-004
2796.4756771000002 0.68676854143633403 1.00000000000000005E-004
2796.4878035500001 0.73747992994755185 1.00000000000000005E-004
2796.4999300499999 0.77695023949782616 1.00000000000000005E-004
2796.5120566000001 0.80833357761523095 1.00000000000000005E-004
2796.5241832100000 0.83365336187677996 1.00000000000000005E-004
2796.5363098700000 0.85434293167715003 1.00000000000000005E-004
2796.5484365900002 0.87144644137637428 1.00000000000000005E-004
2796.5605633499999 0.88573565848118219 1.00000000000000005E-004
2796.5726901700000 0.89778878296072484 1.00000000000000005E-004
2796.5848170400000 0.90804474754740916 1.00000000000000005E-004
2796.5969439700002 0.91684098597359664 1.00000000000000005E-004
2796.6090709400000 0.92444000614044697 1.00000000000000005E-004
2796.6211979700001 0.93104830637094838 1.00000000000000005E-004
2796.6333250500002 0.93683000150216666 1.00000000000000005E-004
2796.6454521900000 0.94191676948758751 1.00000000000000005E-004
2796.6575793699999 0.94641520615186570 1.00000000000000005E-004
2796.6697066100000 0.95041231909155133 1.00000000000000005E-004
2796.6818339000001 0.95397967104124426 1.00000000000000005E-004
2796.6939612500000 0.95717654136339225 1.00000000000000005E-004
2796.7060886499999 0.96005236232731517 1.00000000000000005E-004
2796.7182161000001 0.96264861295678439 1.00000000000000005E-004
2796.7303436000002 0.96500030267821579 1.00000000000000005E-004
2796.7424711499998 0.96713714197941603 1.00000000000000005E-004
2796.7545987600001 0.96908447320379121 1.00000000000000005E-004
2796.7667264199999 0.97086401640737208 1.00000000000000005E-004
2796.7788541300001 0.97249447325551230 1.00000000000000005E-004
2796.7909819000001 0.97399201555893000 1.00000000000000005E-004
2796.8031097100002 0.97537068425695173 1.00000000000000005E-004
2796.8152375899999 0.97664271719001094 1.00000000000000005E-004
2796.8273655100002 0.97781881846013752 1.00000000000000005E-004
2796.8394934799999 0.97890838452540363 1.00000000000000005E-004
2796.8516215099999 0.97991969111591781 1.00000000000000005E-004
2796.8637495900002 0.98086004854276743 1.00000000000000005E-004
2796.8758777300000 0.98173593371539414 1.00000000000000005E-004
2796.8880059100002 0.98255310185300526 1.00000000000000005E-004
2796.9001341500002 0.98331668116475790 1.00000000000000005E-004
2796.9122624400002 0.98403125243050193 1.00000000000000005E-004
2796.9243907800001 0.98470091769994639 1.00000000000000005E-004
2796.9365191799998 0.98532935917328002 1.00000000000000005E-004
2796.9486476299999 0.98591988924057494 1.00000000000000005E-004
2796.9607761299999 0.98647549444548521 1.00000000000000005E-004
2796.9729046799998 0.98699887349058846 1.00000000000000005E-004
2796.9850332900000 0.98749246957218595 1.00000000000000005E-004
2796.9971619500002 0.98795849857634499 1.00000000000000005E-004
2797.0092906599998 0.98839897430093904 1.00000000000000005E-004
2797.0214194300002 0.98881573009516188 1.00000000000000005E-004
2797.0335482400001 0.98921043784501750 1.00000000000000005E-004
2797.0456771099998 0.98958462506095368 1.00000000000000005E-004
2797.0578060399998 0.98993968911387820 1.00000000000000005E-004
2797.0699350099999 0.99027691030504128 1.00000000000000005E-004
2797.0820640400002 0.99059746385705527 1.00000000000000005E-004
2797.0941931200000 0.99090242979915888 1.00000000000000005E-004
2797.1063222500002 0.99119280204555260 1.00000000000000005E-004
2797.1184514299998 0.99146949672627760 1.00000000000000005E-004
2797.1305806700002 0.99173335924939465 1.00000000000000005E-004
2797.1427099600000 0.99198517064252190 1.00000000000000005E-004
2797.1548393100002 0.99222565334608526 1.00000000000000005E-004
2797.1669686999999 0.99245547650202370 1.00000000000000005E-004
2797.1790981499998 0.99267526071193501 1.00000000000000005E-004
2797.1912276500002 0.99288558203959809 1.00000000000000005E-004
2797.2033572000000 0.99308697582753058 1.00000000000000005E-004
2797.2154868100001 0.99327994014145748 1.00000000000000005E-004
2797.2276164700002 0.99346493870264441 1.00000000000000005E-004
2797.2397461800001 0.99364240379094015 1.00000000000000005E-004
2797.2518759400000 0.99381273887159616 1.00000000000000005E-004
2797.2640057600001 0.99397632076699161 1.00000000000000005E-004
2797.2761356300002 0.99413350164039005 1.00000000000000005E-004
2797.2882655499998 0.99428461100116905 1.00000000000000005E-004
2797.3003955200002 0.99442995752212293 1.00000000000000005E-004
2797.3125255499999 0.99456983051526404 1.00000000000000005E-004
2797.3246556300001 0.99470450129288279 1.00000000000000005E-004
2797.3367857600001 0.99483422459131754 1.00000000000000005E-004
2797.3489159500000 0.99495923974868139 1.00000000000000005E-004
2797.3610461799999 0.99507977178296114 1.00000000000000005E-004
2797.3731764700001 0.99519603249615007 1.00000000000000005E-004
2797.3853068100002 0.99530822133886621 1.00000000000000005E-004
2797.3974372100001 0.99541652621980914 1.00000000000000005E-004
2797.4095676600000 0.99552112429663842 1.00000000000000005E-004
2797.4216981599998 0.99562218274232839 1.00000000000000005E-004
2797.4338287099999 0.99571985944812047 1.00000000000000005E-004
2797.4459593100000 0.99581430363413581 1.00000000000000005E-004
2797.4580899699999 0.99590565638150530 1.00000000000000005E-004
2797.4702206799998 0.99599405112699058 1.00000000000000005E-004
2797.4823514499999 0.99607961415680857 1.00000000000000005E-004
2797.4944822600000 0.99616246509545903 1.00000000000000005E-004
2797.5066131300000 0.99624271736291448 1.00000000000000005E-004
2797.5187440499999 0.99632047849740257 1.00000000000000005E-004
2797.5308750200002 0.99639585053171931 1.00000000000000005E-004
2797.5430060499998 0.99646893034272677 1.00000000000000005E-004
2797.5551371299998 0.99653980990779845 1.00000000000000005E-004
2797.5672682600002 0.99660857663808455 1.00000000000000005E-004
2797.5793994400001 0.99667531368812667 1.00000000000000005E-004
2797.5915306799998 0.99674010016306969 1.00000000000000005E-004
2797.6036619699998 0.99680301131676963 1.00000000000000005E-004
2797.6157933099998 0.99686411881993242 1.00000000000000005E-004
2797.6279247100001 0.99692349095327226 1.00000000000000005E-004
2797.6400561500000 0.99698119278951158 1.00000000000000005E-004
2797.6521876500001 0.99703728642202549 1.00000000000000005E-004
2797.6643192100000 0.99709183105569632 1.00000000000000005E-004
2797.6764508100000 0.99714488316625005 1.00000000000000005E-004
2797.6885824699998 0.99719649671850707 1.00000000000000005E-004
2797.7007141800000 0.99724672325410535 1.00000000000000005E-004
2797.7128459400001 0.99729561202354700 1.00000000000000005E-004
2797.7249777600000 0.99734321010761218 1.00000000000000005E-004
2797.7371096200000 0.99738956252785582 1.00000000000000005E-004
2797.7492415400002 0.99743471239436421 1.00000000000000005E-004
2797.7613735199998 0.99747870094436419 1.00000000000000005E-004
2797.7735055399999 0.99752156763841815 1.00000000000000005E-004
2797.7856376200002 0.99756335030669796 1.00000000000000005E-004
2797.7977697500000 0.99760408519322918 1.00000000000000005E-004
2797.8099019299998 0.99764380704020816 1.00000000000000005E-004
2797.8220341699998 0.99768254916890520 1.00000000000000005E-004
2797.8341664599998 0.99772034352075212 1.00000000000000005E-004
2797.8462988000001 0.99775722074636231 1.00000000000000005E-004
2797.8584311899999 0.99779321028936951 1.00000000000000005E-004
2797.8705636400000 0.99782834042180868 1.00000000000000005E-004
2797.8826961400000 0.99786263827990218 1.00000000000000005E-004
2797.8948286899999 0.99789612994321564 1.00000000000000005E-004
2797.9069613000001 0.99792884047830133 1.00000000000000005E-004
2797.9190939499999 0.99796079398086401 1.00000000000000005E-004
2797.9312266600000 0.99799201364806356 1.00000000000000005E-004
2797.9433594299999 0.99802252177848250 1.00000000000000005E-004
2797.9554922399998 0.99805233981340369 1.00000000000000005E-004
2797.9676251100000 0.99808148841479927 1.00000000000000005E-004
2797.9797580300001 0.99810998747349577 1.00000000000000005E-004
2797.9918910000001 0.99813785614500794 1.00000000000000005E-004
2798.0040240300000 0.99816511288205545 1.00000000000000005E-004
2798.0161570999999 0.99819177546347182 1.00000000000000005E-004
2798.0282902300000 0.99821786104698262 1.00000000000000005E-004
2798.0404234200000 0.99824338616140262 1.00000000000000005E-004
2798.0525566500000 0.99826836673379371 1.00000000000000005E-004
2798.0646899399999 0.99829281814781756 1.00000000000000005E-004
2798.0768232800001 0.99831675524465557 1.00000000000000005E-004
2798.0889566699998 0.99834019234876303 1.00000000000000005E-004
2798.1010901200002 0.99836314329383180 1.00000000000000005E-004
2798.1132236200001 0.99838562142743337 1.00000000000000005E-004
2798.1253571699999 0.99840763964660506 1.00000000000000005E-004
2798.1374907800000 0.99842921041155896 1.00000000000000005E-004
2798.1496244300001 0.99845034575929148 1.00000000000000005E-004
2798.1617581400001 0.99847105733620711 1.00000000000000005E-004
2798.1738918999999 0.99849135640152931 1.00000000000000005E-004
2798.1860257200001 0.99851125383088291 1.00000000000000005E-004
2798.1981595799998 0.99853076014498943 1.00000000000000005E-004
2798.2102934999998 0.99854988553805979 1.00000000000000005E-004
2798.2224274800001 0.99856863986418354 1.00000000000000005E-004
2798.2345614999999 0.99858703265028559 1.00000000000000005E-004
2798.2466955800001 0.99860507313297509 1.00000000000000005E-004
2798.2588297100001 0.99862277025354951 1.00000000000000005E-004
2798.2709638900001 0.99864013267162222 1.00000000000000005E-004
2798.2830981299999 0.99865716877883060 1.00000000000000005E-004
2798.2952324200000 0.99867388669610435 1.00000000000000005E-004
2798.3073667600001 0.99869029429226641 1.00000000000000005E-004
2798.3195011500002 0.99870639920000570 1.00000000000000005E-004
2798.3316355900001 0.99872220882454599 1.00000000000000005E-004
2798.3437700899999 0.99873773034598401 1.00000000000000005E-004
2798.3559046400001 0.99875297072172387 1.00000000000000005E-004
2798.3680392500000 0.99876793669523434 1.00000000000000005E-004
2798.3801739000000 0.99878263481096152 1.00000000000000005E-004
2798.3923086099999 0.99879707143129570 1.00000000000000005E-004
2798.4044433800000 0.99881125272302473 1.00000000000000005E-004
2798.4165781900001 0.99882518466432524 1.00000000000000005E-004
2798.4287130600001 0.99883887306964469 1.00000000000000005E-004
2798.4408479799999 0.99885232358227971 1.00000000000000005E-004
2798.4529829500002 0.99886554167961572 1.00000000000000005E-004
2798.4651179699999 0.99887853268923299 1.00000000000000005E-004
2798.4772530499999 0.99889130178691399 1.00000000000000005E-004
2798.4893881799999 0.99890385399498416 1.00000000000000005E-004
2798.5015233600002 0.99891619419775279 1.00000000000000005E-004
2798.5136585999999 0.99892832714616442 1.00000000000000005E-004
2798.5257938899999 0.99894025745219606 1.00000000000000005E-004
2798.5379292299999 0.99895198959935527 1.00000000000000005E-004
2798.5500646199998 0.99896352795180332 1.00000000000000005E-004
2798.5622000600001 0.99897487675835528 1.00000000000000005E-004
2798.5743355599998 0.99898604015201997 1.00000000000000005E-004
2798.5864711099998 0.99899702214970720 1.00000000000000005E-004
2798.5986067200001 0.99900782665629329 1.00000000000000005E-004
2798.6107423700000 0.99901845747293061 1.00000000000000005E-004
2798.6228780800002 0.99902891830611540 1.00000000000000005E-004
2798.6350138399998 0.99903921276380425 1.00000000000000005E-004
2798.6471496600002 0.99904934435241444 1.00000000000000005E-004
2798.6592855200001 0.99905931648701951 1.00000000000000005E-004
2798.6714214399999 0.99906913250172125 1.00000000000000005E-004
2798.6835574199999 0.99907879563872126 1.00000000000000005E-004
2798.6956934400000 1.0000000000000000 1.00000000000000005E-004
2798.7078295199999 1.0000000000000000 1.00000000000000005E-004
2798.7199656500002 1.0000000000000000 1.00000000000000005E-004
2798.7321018299999 1.0000000000000000 1.00000000000000005E-004
2798.7442380600000 1.0000000000000000 1.00000000000000005E-004
2798.7563743500000 1.0000000000000000 1.00000000000000005E-004
2798.7685106899999 1.0000000000000000 1.00000000000000005E-004
2798.7806470800001 1.0000000000000000 1.00000000000000005E-004
2798.7927835300002 1.0000000000000000 1.00000000000000005E-004
2798.8049200300002 1.0000000000000000 1.00000000000000005E-004
2798.8170565800001 1.0000000000000000 1.00000000000000005E-004
2798.8291931799999 1.0000000000000000 1.00000000000000005E-004
2798.8413298400001 1.0000000000000000 1.00000000000000005E-004
2798.8534665500001 1.0000000000000000 1.00000000000000005E-004
2798.8656033100001 1.0000000000000000 1.00000000000000005E-004
2798.8777401200000 1.0000000000000000 1.00000000000000005E-004
2798.8898769900002 1.0000000000000000 1.00000000000000005E-004
2798.9020139099998 1.0000000000000000 1.00000000000000005E-004
2798.9141508799999 1.0000000000000000 1.00000000000000005E-004
2798.9262878999998 1.0000000000000000 1.00000000000000005E-004
