2800.9539094600000 1.0000000000000000 1.00000000000000005E-004
2800.9660553300000 1.0000000000000000 1.00000000000000005E-004
2800.9782012599999 1.0000000000000000 1.00000000000000005E-004
2800.9903472300002 1.0000000000000000 1.00000000000000005E-004
2801.0024932599999 1.0000000000000000 1.00000000000000005E-004
2801.0146393400000 1.0000000000000000 1.00000000000000005E-004
2801.0267854700000 1.0000000000000000 1.00000000000000005E-004
2801.0389316599999 1.0000000000000000 1.00000000000000005E-004
2801.0510778900002 1.0000000000000000 1.00000000000000005E-004
2801.0632241899998 1.0000000000000000 1.00000000000000005E-004
2801.0753705299999 1.0000000000000000 1.00000000000000005E-004
2801.0875169300002 1.0000000000000000 1.00000000000000005E-004
2801.0996633700001 1.0000000000000000 1.00000000000000005E-004
2801.1118098799998 1.0000000000000000 1.00000000000000005E-004
2801.1239564299999 1.0000000000000000 1.00000000000000005E-004
2801.1361030399999 1.0000000000000000 1.00000000000000005E-004
2801.1482497000002 1.0000000000000000 1.00000000000000005E-004
2801.1603964100000 1.0000000000000000 1.00000000000000005E-004
2801.1725431700002 1.0000000000000000 1.00000000000000005E-004
2801.1846899900002 1.0000000000000000 1.00000000000000005E-004
2801.1968368600001 0.99954600439269115 1.00000000000000005E-004
2801.2089837799999 0.99954123772243297 1.00000000000000005E-004
2801.2211307600001 0.99953639560359453 1.00000000000000005E-004
2801.2332777900001 0.99953147643698692 1.00000000000000005E-004
2801.2454248700001 0.99952647858080834 1.00000000000000005E-004
2801.2575720000000 0.99952140034615200 1.00000000000000005E-004
2801.2697191900002 0.99951623999859185 1.00000000000000005E-004
2801.2818664299998 0.99951099575998159 1.00000000000000005E-004
2801.2940137199998 0.99950566580378963 1.00000000000000005E-004
2801.3061610599998 0.99950024825015238 1.00000000000000005E-004
2801.3183084600000 0.99949474116739934 1.00000000000000005E-004
2801.3304559100002 0.99948914257344401 1.00000000000000005E-004
2801.3426034099998 0.99948345042953368 1.00000000000000005E-004
2801.3547509700002 0.99947766263830928 1.00000000000000005E-004
2801.3668985800000 0.99947177704652690 1.00000000000000005E-004
2801.3790462400002 0.99946579144001957 1.00000000000000005E-004
2801.3911939499999 0.99945970353833902 1.00000000000000005E-004
2801.4033417199998 0.99945351099727331 1.00000000000000005E-004
2801.4154895299998 0.99944721140634774 1.00000000000000005E-004
2801.4276374000001 0.99944080228053311 1.00000000000000005E-004
2801.4397853300002 0.99943428106588827 1.00000000000000005E-004
2801.4519332999998 0.99942764513679772 1.00000000000000005E-004
2801.4640813300002 0.99942089178343674 1.00000000000000005E-004
2801.4762294200000 0.99941401821890707 1.00000000000000005E-004
2801.4883775500002 0.99940702157702266 1.00000000000000005E-004
2801.5005257399998 0.99939989890030201 1.00000000000000005E-004
2801.5126739799998 0.99939264714291842 1.00000000000000005E-004
2801.5248222700002 0.99938526316699983 1.00000000000000005E-004
2801.5369706199999 0.99937774373929533 1.00000000000000005E-004
2801.5491190100001 0.99937008552811857 1.00000000000000005E-004
2801.5612674600002 0.99936228509276648 1.00000000000000005E-004
2801.5734159700000 0.99935433888980651 1.00000000000000005E-004
2801.5855645199999 0.99934624326916688 1.00000000000000005E-004
2801.5977131300001 0.99933799445900184 1.00000000000000005E-004
2801.6098617900002 0.99932958856723242 1.00000000000000005E-004
2801.6220105100001 0.99932102158275449 1.00000000000000005E-004
2801.6341592700001 0.99931228936577543 1.00000000000000005E-004
2801.6463080899998 0.99930338763705207 1.00000000000000005E-004
2801.6584569600000 0.99929431197723695 1.00000000000000005E-004
2801.6706058899999 0.99928505782531762 1.00000000000000005E-004
2801.6827548699998 0.99927562047330909 1.00000000000000005E-004
2801.6949039000001 0.99926599505700542 1.00000000000000005E-004
2801.7070529799998 0.99925617654617693 1.00000000000000005E-004
2801.7192021100000 0.99924615973767283 1.00000000000000005E-004
2801.7313512999999 0.99923593925194443 1.00000000000000005E-004
2801.7435005399998 0.99922550952963018 1.00000000000000005E-004
2801.7556498399999 0.99921486482420618 1.00000000000000005E-004
2801.7677991800001 0.99920399918965785 1.00000000000000005E-004
2801.7799485800001 0.99919290646599557 1.00000000000000005E-004
2801.7920980300000 0.99918158027731996 1.00000000000000005E-004
2801.8042475399998 0.99917001402961325 1.00000000000000005E-004
2801.8163970900000 0.99915820089364804 1.00000000000000005E-004
2801.8285467000001 0.99914613378565997 1.00000000000000005E-004
2801.8406963699999 0.99913380537285545 1.00000000000000005E-004
2801.8528460799998 0.99912120806301341 1.00000000000000005E-004
2801.8649958500000 0.99910833397650167 1.00000000000000005E-004
2801.8771456700001 0.99909517494468603 1.00000000000000005E-004
2801.8892955400001 0.99908172249514915 1.00000000000000005E-004
2801.9014454700000 0.99906796783577567 1.00000000000000005E-004
2801.9135954499998 0.99905390185059073 1.00000000000000005E-004
2801.9257454799999 0.99903951507704669 1.00000000000000005E-004
2801.9378955600000 0.99902479768114893 1.00000000000000005E-004
2801.9500456999999 0.99900973944926008 1.00000000000000005E-004
2801.9621958900002 0.99899432978001879 1.00000000000000005E-004
2801.9743461300000 0.99897855765663901 1.00000000000000005E-004
2801.9864964200001 0.99896241161723442 1.00000000000000005E-004
2801.9986467700001 0.99894587974326754 1.00000000000000005E-004
2802.0107971699999 0.99892894964693957 1.00000000000000005E-004
2802.0229476200002 0.99891160843462989 1.00000000000000005E-004
2802.0350981299998 0.99889384268198544 1.00000000000000005E-004
2802.0472486899998 0.99887563842225180 1.00000000000000005E-004
2802.0593993000002 0.99885698110972665 1.00000000000000005E-004
2802.0715499600001 0.99883785558007676 1.00000000000000005E-004
2802.0837006800002 0.99881824603304359 1.00000000000000005E-004
2802.0958514399999 0.99879813599625789 1.00000000000000005E-004
2802.1080022699998 0.99877750828642609 1.00000000000000005E-004
2802.1201531400002 0.99875634498674726 1.00000000000000005E-004
2802.1323040699999 0.99873462739404884 1.00000000000000005E-004
2802.1444550500000 0.99871233598185583 1.00000000000000005E-004
2802.1566060800001 0.99868945036060319 1.00000000000000005E-004
2802.1687571600000 0.99866594921405138 1.00000000000000005E-004
2802.1809082999998 0.99864181026178978 1.00000000000000005E-004
2802.1930594900000 0.99861701021965998 1.00000000000000005E-004
2802.2052107300001 0.99859152472424317 1.00000000000000005E-004
2802.2173620300000 0.99856532827256916 1.00000000000000005E-004
2802.2295133799998 0.99853839417953472 1.00000000000000005E-004
2802.2416647800001 0.99851069449597496 1.00000000000000005E-004
2802.2538162300002 0.99848219991858389 1.00000000000000005E-004
2802.2659677400002 0.99845287972869812 1.00000000000000005E-004
2802.2781193000001 0.99842270172830350 1.00000000000000005E-004
2802.2902709099999 0.99839163213420046 1.00000000000000005E-004
2802.3024225700001 0.99835963546362083 1.00000000000000005E-004
2802.3145742900001 0.99832667445093470 1.00000000000000005E-004
2802.3267260600001 0.99829270995787378 1.00000000000000005E-004
2802.3388778799999 0.99825770083075716 1.00000000000000005E-004
2802.3510297600001 0.99822160377499713 1.00000000000000005E-004
2802.3631816900001 0.99818437325040044 1.00000000000000005E-004
2802.3753336700001 0.99814596130832811 1.00000000000000005E-004
2802.3874857000001 0.99810631741281031 1.00000000000000005E-004
2802.3996377899998 0.99806538829669944 1.00000000000000005E-004
2802.4117899299999 0.99802311780897501 1.00000000000000005E-004
2802.4239421200000 0.99797944669770322 1.00000000000000005E-004
2802.4360943600000 0.99793431237391494 1.00000000000000005E-004
2802.4482466600002 0.99788764871300628 1.00000000000000005E-004
2802.4603990099999 0.99783938584259735 1.00000000000000005E-004
2802.4725514100001 0.99778944985331752 1.00000000000000005E-004
2802.4847038600001 0.99773776248368340 1.00000000000000005E-004
2802.4968563699999 0.99768424084191909 1.00000000000000005E-004
2802.5090089300002 0.99762879710393804 1.00000000000000005E-004
2802.5211615399999 0.99757133810974852 1.00000000000000005E-004
2802.5333142099998 0.99751176497027283 1.00000000000000005E-004
2802.5454669300002 0.99744997268966318 1.00000000000000005E-004
2802.5576197000000 0.99738584967114674 1.00000000000000005E-004
2802.5697725199998 0.99731927717202995 1.00000000000000005E-004
2802.5819253999998 0.99725012878896413 1.00000000000000005E-004
2802.5940783299998 0.99717826989787384 1.00000000000000005E-004
2802.6062313100001 0.99710355694844999 1.00000000000000005E-004
2802.6183843499998 0.99702583675828405 1.00000000000000005E-004
2802.6305374300000 0.99694494573677805 1.00000000000000005E-004
2802.6426905700000 0.99686070895068835 1.00000000000000005E-004
2802.6548437699998 0.99677293928321786 1.00000000000000005E-004
2802.6669970100002 0.99668143639985907 1.00000000000000005E-004
2802.6791503099998 0.99658598548750665 1.00000000000000005E-004
2802.6913036599999 0.99648635606793690 1.00000000000000005E-004
2802.7034570599999 0.99638230059055921 1.00000000000000005E-004
2802.7156105200002 0.99627355287466457 1.00000000000000005E-004
2802.7277640299999 0.99615982648520884 1.00000000000000005E-004
2802.7399175900000 0.99604081278599099 1.00000000000000005E-004
2802.7520712000000 0.99591617876732286 1.00000000000000005E-004
2802.7642248699999 0.99578556477875790 1.00000000000000005E-004
2802.7763785900001 0.99564858200468154 1.00000000000000005E-004
2802.7885323599999 0.99550480946055941 1.00000000000000005E-004
2802.8006861899999 0.99535379074646424 1.00000000000000005E-004
2802.8128400700002 0.99519503053834812 1.00000000000000005E-004
2802.8249940000001 0.99502799044411216 1.00000000000000005E-004
2802.8371479799998 0.99485208433157579 1.00000000000000005E-004
2802.8493020199999 0.99466667329326941 1.00000000000000005E-004
2802.8614560999999 0.99447105979841055 1.00000000000000005E-004
2802.8736102500002 0.99426448107495524 1.00000000000000005E-004
2802.8857644400000 0.99404610179534647 1.00000000000000005E-004
2802.8979186900001 0.99381500547196355 1.00000000000000005E-004
2802.9100729900001 0.99357018485937798 1.00000000000000005E-004
2802.9222273400001 0.99331053099166056 1.00000000000000005E-004
2802.9343817399999 0.99303482039295932 1.00000000000000005E-004
2802.9465362000001 0.99274170074885726 1.00000000000000005E-004
2802.9586907100002 0.99242967443479735 1.00000000000000005E-004
2802.9708452700002 0.99209707908842337 1.00000000000000005E-004
2802.9829998900000 0.99174206537441367 1.00000000000000005E-004
2802.9951545600002 0.99136257146619389 1.00000000000000005E-004
2803.0073092799998 0.99095629281420372 1.00000000000000005E-004
2803.0194640499999 0.99052064674658524 1.00000000000000005E-004
2803.0316188800002 0.99005273146873973 1.00000000000000005E-004
2803.0437737600000 0.98954927783484148 1.00000000000000005E-004
2803.0559286900002 0.98900659171873928 1.00000000000000005E-004
2803.0680836699999 0.98842048554944495 1.00000000000000005E-004
2803.0802387099998 0.98778619738991436 1.00000000000000005E-004
2803.0923938000001 0.98709829405046856 1.00000000000000005E-004
2803.1045489399999 0.98635055355474066 1.00000000000000005E-004
2803.1167041399999 0.98553582353293734 1.00000000000000005E-004
2803.1288593899999 0.98464584971867808 1.00000000000000005E-004
2803.1410146899998 0.98367106503704571 1.00000000000000005E-004
2803.1531700400001 0.98260032993796398 1.00000000000000005E-004
2803.1653254500002 0.98142061215736431 1.00000000000000005E-004
2803.1774809100002 0.98011658765451604 1.00000000000000005E-004
2803.1896364200002 0.97867013791660962 1.00000000000000005E-004
2803.2017919800001 0.97705971359124077 1.00000000000000005E-004
2803.2139476000002 0.97525952435541474 1.00000000000000005E-004
2803.2261032699998 0.97323849604428248 1.00000000000000005E-004
2803.2382589899998 0.97095891227279840 1.00000000000000005E-004
2803.2504147700001 0.96837463188509598 1.00000000000000005E-004
2803.2625705999999 0.96542872339500541 1.00000000000000005E-004
2803.2747264800000 0.96205028040241014 1.00000000000000005E-004
2803.2868824100001 0.95815008150369185 1.00000000000000005E-004
2803.2990384000000 0.95361459432585705 1.00000000000000005E-004
2803.3111944299999 0.94829754528400478 1.00000000000000005E-004
2803.3233505300000 0.94200785735035197 1.00000000000000005E-004
2803.3355066700001 0.93449205137631886 1.00000000000000005E-004
2803.3476628700000 0.92540796967417438 1.00000000000000005E-004
2803.3598191199999 0.91428454573060480 1.00000000000000005E-004
2803.3719754200001 0.90045824109367523 1.00000000000000005E-004
2803.3841317699998 0.88296662855884211 1.00000000000000005E-004
2803.3962881799998 0.86032948453833769 1.00000000000000005E-004
2803.4084446400002 0.82983119510516867 1.00000000000000005E-004
2803.4206011599999 0.78477492911193747 1.00000000000000005E-004
2803.4327577200002 0.70835084215941457 1.00000000000000005E-004
2803.4449143400002 0.57513462509192936 1.00000000000000005E-004
2803.4570710100002 0.38407801243308926 1.00000000000000005E-004
2803.4692277400000 0.19186777925367879 1.00000000000000005E-004
2803.4813845100002 6.63438665199065636E-002 1.00000000000000005E-004
2803.4935413399999 1.50273403403463884E-002 1.00000000000000005E-004
2803.5056982199999 2.14812213206871895E-003 1.00000000000000005E-004
2803.5178551600002 1.89121055120500524E-004 1.00000000000000005E-004
2803.5300121499999 1.68899229306970707E-005 1.00000000000000005E-004
2803.5421691900001 1.37454031028789959E-004 1.00000000000000005E-004
2803.5543262800002 1.65461077731743778E-003 1.00000000000000005E-004
2803.5664834300001 1.22453077844341049E-002 1.00000000000000005E-004
2803.5786406200000 5.69633591717542132E-002 1.00000000000000005E-004
2803.5907978800001 0.17261678916658466 1.00000000000000005E-004
2803.6029551800002 0.35926458407978645 1.00000000000000005E-004
2803.6151125400002 0.55372184906896471 1.00000000000000005E-004
2803.6272699500000 0.69426675995313059 1.00000000000000005E-004
2803.6394274099998 0.77613524300315440 1.00000000000000005E-004
2803.6515849200000 0.82406446661179689 1.00000000000000005E-004
2803.6637424900000 0.85612197823150593 1.00000000000000005E-004
2803.6759001099999 0.87975406908879772 1.00000000000000005E-004
2803.6880577799998 0.89794251794538948 1.00000000000000005E-004
2803.7002155099999 0.91227650992834652 1.00000000000000005E-004
2803.7123732900000 0.92377909422073357 1.00000000000000005E-004
2803.7245311199999 0.93315215932179629 1.00000000000000005E-004
2803.7366889999998 0.94089212857933691 1.00000000000000005E-004
2803.7488469400000 0.94735840380727654 1.00000000000000005E-004
2803.7610049300001 0.95281647280104265 1.00000000000000005E-004
2803.7731629700002 0.95746595288367820 1.00000000000000005E-004
2803.7853210700000 0.96145930757008502 1.00000000000000005E-004
2803.7974792099999 0.96491462996477972 1.00000000000000005E-004
2803.8096374100001 0.96792455482590645 1.00000000000000005E-004
2803.8217956700000 0.97056257666043277 1.00000000000000005E-004
2803.8339539700000 0.97288761235733368 1.00000000000000005E-004
2803.8461123299999 0.97494734522520055 1.00000000000000005E-004
2803.8582707400001 0.97678070206684953 1.00000000000000005E-004
2803.8704292100001 0.97841971512358339 1.00000000000000005E-004
2803.8825877200002 0.97989093944952721 1.00000000000000005E-004
2803.8947462900001 0.98121654138647285 1.00000000000000005E-004
2803.9069049099999 0.98241514110242989 1.00000000000000005E-004
2803.9190635900000 0.98350247227646648 1.00000000000000005E-004
2803.9312223200000 0.98449190327856140 1.00000000000000005E-004
2803.9433810999999 0.98539485202559229 1.00000000000000005E-004
2803.9555399300002 0.98622111829569159 1.00000000000000005E-004
2803.9676988100000 0.98697915147149640 1.00000000000000005E-004
2803.9798577500001 0.98767626772194539 1.00000000000000005E-004
2803.9920167400001 0.98831882747796496 1.00000000000000005E-004
2804.0041757899999 0.98891238153142680 1.00000000000000005E-004
2804.0163348800002 0.98946179192747397 1.00000000000000005E-004
2804.0284940299998 0.98997133236835078 1.00000000000000005E-004
2804.0406532299999 0.99044477139224696 1.00000000000000005E-004
2804.0528124900002 0.99088544221055019 1.00000000000000005E-004
2804.0649718000000 0.99129630172364069 1.00000000000000005E-004
2804.0771311600001 0.99167998055869733 1.00000000000000005E-004
2804.0892905699998 0.99203882552964207 1.00000000000000005E-004
2804.1014500400001 0.99237493534449195 1.00000000000000005E-004
2804.1136095500001 0.99269019145050097 1.00000000000000005E-004
2804.1257691199999 0.99298628476683704 1.00000000000000005E-004
2804.1379287499999 0.99326473803219595 1.00000000000000005E-004
2804.1500884200000 0.99352692550154742 1.00000000000000005E-004
2804.1622481499999 0.99377409036814368 1.00000000000000005E-004
2804.1744079400000 0.99400735913885463 1.00000000000000005E-004
2804.1865677699998 0.99422775451672940 1.00000000000000005E-004
2804.1987276599998 0.99443620694807933 1.00000000000000005E-004
2804.2108876000002 0.99463356426339045 1.00000000000000005E-004
2804.2230475900001 0.99482060035177977 1.00000000000000005E-004
2804.2352076400002 0.99499802280125127 1.00000000000000005E-004
2804.2473677399998 0.99516647947685111 1.00000000000000005E-004
2804.2595278899998 0.99532656456182167 1.00000000000000005E-004
2804.2716880900002 0.99547882390212472 1.00000000000000005E-004
2804.2838483500000 0.99562375956065141 1.00000000000000005E-004
2804.2960086600001 0.99576183387879391 1.00000000000000005E-004
2804.3081690200002 0.99589347327159095 1.00000000000000005E-004
2804.3203294300001 0.99601907160555070 1.00000000000000005E-004
2804.3324898999999 0.99613899306204634 1.00000000000000005E-004
2804.3446504200001 0.99625357471802267 1.00000000000000005E-004
2804.3568109900002 0.99636312902080004 1.00000000000000005E-004
2804.3689716200001 0.99646794591842114 1.00000000000000005E-004
2804.3811323000000 0.99656829469423092 1.00000000000000005E-004
2804.3932930300002 0.99666442576267800 1.00000000000000005E-004
2804.4054538099999 0.99675657229111470 1.00000000000000005E-004
2804.4176146499999 0.99684495155152564 1.00000000000000005E-004
2804.4297755399998 0.99692976614996420 1.00000000000000005E-004
2804.4419364800001 0.99701120524918996 1.00000000000000005E-004
2804.4540974699999 0.99708944567558500 1.00000000000000005E-004
2804.4662585199999 0.99716465283039113 1.00000000000000005E-004
2804.4784196199998 0.99723698153244977 1.00000000000000005E-004
2804.4905807800001 0.99730657682132462 1.00000000000000005E-004
2804.5027419799999 0.99737357471742771 1.00000000000000005E-004
2804.5149032400000 0.99743810291916546 1.00000000000000005E-004
2804.5270645500000 0.99750028135910829 1.00000000000000005E-004
2804.5392259099999 0.99756022277457035 1.00000000000000005E-004
2804.5513873300001 0.99761803323200349 1.00000000000000005E-004
2804.5635487999998 0.99767381255745846 1.00000000000000005E-004
2804.5757103199999 0.99772765481296455 1.00000000000000005E-004
2804.5878719000002 0.99777964869118707 1.00000000000000005E-004
2804.6000335300000 0.99782987783756139 1.00000000000000005E-004
2804.6121952100002 0.99787842121457893 1.00000000000000005E-004
2804.6243569399999 0.99792535343256716 1.00000000000000005E-004
2804.6365187199999 0.99797074503486238 1.00000000000000005E-004
2804.6486805599998 0.99801466274572015 1.00000000000000005E-004
2804.6608424500000 0.99805716970228997 1.00000000000000005E-004
2804.6730044000001 0.99809832569014245 1.00000000000000005E-004
2804.6851664000001 0.99813818734157611 1.00000000000000005E-004
2804.6973284400001 0.99817680837545464 1.00000000000000005E-004
2804.7094905499998 0.99821423977311852 1.00000000000000005E-004
2804.7216527000000 0.99825052989547247 1.00000000000000005E-004
2804.7338149100001 0.99828572467464405 1.00000000000000005E-004
2804.7459771700001 0.99831986775703274 1.00000000000000005E-004
2804.7581394800000 0.99835300063882781 1.00000000000000005E-004
2804.7703018500001 0.99838516279571621 1.00000000000000005E-004
2804.7824642700002 0.99841639177592678 1.00000000000000005E-004
2804.7946267399998 0.99844672332946560 1.00000000000000005E-004
2804.8067892600002 0.99847619152825873 1.00000000000000005E-004
2804.8189518400000 0.99850482884234670 1.00000000000000005E-004
2804.8311144700001 0.99853266621388215 1.00000000000000005E-004
2804.8432771500002 0.99855973316468327 1.00000000000000005E-004
2804.8554398900001 0.99858605787407440 1.00000000000000005E-004
2804.8676026799999 0.99861166723064865 1.00000000000000005E-004
2804.8797655200001 0.99863658691584789 1.00000000000000005E-004
2804.8919284100002 0.99866084148197165 1.00000000000000005E-004
2804.9040913600002 0.99868445439377329 1.00000000000000005E-004
2804.9162543500001 0.99870744808984535 1.00000000000000005E-004
2804.9284174099998 0.99872984404082521 1.00000000000000005E-004
2804.9405805100000 0.99875166278393257 1.00000000000000005E-004
2804.9527436700000 0.99877292398628503 1.00000000000000005E-004
2804.9649068799999 0.99879364648568092 1.00000000000000005E-004
2804.9770701399998 0.99881384833063358 1.00000000000000005E-004
2804.9892334599999 0.99883354681886161 1.00000000000000005E-004
2805.0013968200001 0.99885275853275857 1.00000000000000005E-004
2805.0135602400001 0.99887149939146669 1.00000000000000005E-004
2805.0257237199999 0.99888978465833134 1.00000000000000005E-004
2805.0378872400001 0.99890762897305685 1.00000000000000005E-004
2805.0500508199998 0.99892504640620250 1.00000000000000005E-004
2805.0622144499998 0.99894205047383977 1.00000000000000005E-004
2805.0743781400001 0.99895865415552543 1.00000000000000005E-004
2805.0865418799999 0.99897486991919660 1.00000000000000005E-004
2805.0987056700001 0.99899070975107018 1.00000000000000005E-004
2805.1108695100002 0.99900618518344431 1.00000000000000005E-004
2805.1230334000002 0.99902130731508199 1.00000000000000005E-004
2805.1351973500000 0.99903608682525313 1.00000000000000005E-004
2805.1473613500002 0.99905053398724564 1.00000000000000005E-004
2805.1595254099998 0.99906465868725780 1.00000000000000005E-004
2805.1716895099999 0.99907847044839504 1.00000000000000005E-004
2805.1838536700002 0.99909197845584474 1.00000000000000005E-004
2805.1960178899999 0.99910519155293087 1.00000000000000005E-004
2805.2081821500001 0.99911811825597718 1.00000000000000005E-004
2805.2203464700001 0.99913076678547885 1.00000000000000005E-004
2805.2325108400000 0.99914314506751478 1.00000000000000005E-004
2805.2446752599999 0.99915526074790406 1.00000000000000005E-004
2805.2568397400000 0.99916712120609641 1.00000000000000005E-004
2805.2690042700001 0.99917873355763653 1.00000000000000005E-004
2805.2811688500001 0.99919010467190938 1.00000000000000005E-004
2805.2933334800000 0.99920124118905740 1.00000000000000005E-004
2805.3054981700002 0.99921214952229953 1.00000000000000005E-004
2805.3176629099999 0.99922283586043648 1.00000000000000005E-004
2805.3298276999999 0.99923330618368422 1.00000000000000005E-004
2805.3419925399999 0.99924356627865218 1.00000000000000005E-004
2805.3541574400001 0.99925362174019972 1.00000000000000005E-004
2805.3663223899998 0.99926347797465565 1.00000000000000005E-004
2805.3784873999998 0.99927314020742086 1.00000000000000005E-004
2805.3906524499998 0.99928261349434178 1.00000000000000005E-004
2805.4028175600001 0.99929190273345714 1.00000000000000005E-004
2805.4149827199999 0.99930101266501059 1.00000000000000005E-004
2805.4271479399999 0.99930994787193050 1.00000000000000005E-004
2805.4393132000000 0.99931871279150286 1.00000000000000005E-004
2805.4514785199999 0.99932731172642419 1.00000000000000005E-004
2805.4636438900002 0.99933574884495724 1.00000000000000005E-004
2805.4758093199998 0.99934402818228041 1.00000000000000005E-004
2805.4879747999998 0.99935215364558194 1.00000000000000005E-004
2805.5001403299998 0.99936012902239735 1.00000000000000005E-004
2805.5123059100001 0.99936795798935030 1.00000000000000005E-004
2805.5244715499998 0.99937564411108504 1.00000000000000005E-004
2805.5366372399999 0.99938319083964633 1.00000000000000005E-004
2805.5488029799999 0.99939060152336201 1.00000000000000005E-004
2805.5609687699998 0.99939787941508762 1.00000000000000005E-004
2805.5731346200000 0.99940502767105643 1.00000000000000005E-004
2805.5853005200001 0.99941204935036576 1.00000000000000005E-004
2805.5974664700002 0.99941894742416570 1.00000000000000005E-004
2805.6096324800001 0.99942572477871250 1.00000000000000005E-004
2805.6217985399999 0.99943238421280789 1.00000000000000005E-004
2805.6339646500001 0.99943892844457372 1.00000000000000005E-004
2805.6461308100002 0.99944536011814900 1.00000000000000005E-004
2805.6582970300001 0.99945168180231070 1.00000000000000005E-004
2805.6704632999999 0.99945789598948265 1.00000000000000005E-004
2805.6826296200002 0.99946400510295874 1.00000000000000005E-004
2805.6947960000002 0.99947001149820247 1.00000000000000005E-004
2805.7069624199999 0.99947591746426023 1.00000000000000005E-004
2805.7191289000002 0.99948172523107948 1.00000000000000005E-004
2805.7312954399999 0.99948743696383668 1.00000000000000005E-004
2805.7434620200002 0.99949305476524986 1.00000000000000005E-004
2805.7556286600002 0.99949858068530062 1.00000000000000005E-004
2805.7677953500001 0.99950401671863676 1.00000000000000005E-004
2805.7799620999999 0.99950936480281516 1.00000000000000005E-004
2805.7921288900002 0.99951462682370051 1.00000000000000005E-004
2805.8042957399998 0.99951980462110201 1.00000000000000005E-004
2805.8164626500002 0.99952489998316196 1.00000000000000005E-004
2805.8286296000001 0.99952991464793828 1.00000000000000005E-004
2805.8407966099999 0.99953485031159739 1.00000000000000005E-004
2805.8529636700000 0.99953970862535468 1.00000000000000005E-004
2805.8651307800001 0.99954449119753808 1.00000000000000005E-004
2805.8772979500000 1.0000000000000000 1.00000000000000005E-004
2805.8894651700002 1.0000000000000000 1.00000000000000005E-004
2805.9016324400000 1.0000000000000000 1.00000000000000005E-004
2805.9137997600001 1.0000000000000000 1.00000000000000005E-004
2805.9259671400000 1.0000000000000000 1.00000000000000005E-004
2805.9381345699999 1.0000000000000000 1.00000000000000005E-004
2805.9503020500001 1.0000000000000000 1.00000000000000005E-004
2805.9624695900002 1.0000000000000000 1.00000000000000005E-004
2805.9746371800002 1.0000000000000000 1.00000000000000005E-004
2805.9868048200001 1.0000000000000000 1.00000000000000005E-004
2805.9989725099999 1.0000000000000000 1.00000000000000005E-004
2806.0111402600000 1.0000000000000000 1.00000000000000005E-004
2806.0233080600001 1.0000000000000000 1.00000000000000005E-004
2806.0354759100001 1.0000000000000000 1.00000000000000005E-004
2806.0476438199998 1.0000000000000000 1.00000000000000005E-004
2806.0598117700001 1.0000000000000000 1.00000000000000005E-004
2806.0719797800002 1.0000000000000000 1.00000000000000005E-004
2806.0841478500001 1.0000000000000000 1.00000000000000005E-004
2806.0963159600001 1.0000000000000000 1.00000000000000005E-004
2806.1084841299999 1.0000000000000000 1.00000000000000005E-004
