2592.1153258400000 1.0000000000000000 1.00000000000000005E-004
2592.1265661100001 1.0000000000000000 1.00000000000000005E-004
2592.1378064400001 1.0000000000000000 1.00000000000000005E-004
2592.1490468100001 1.0000000000000000 1.00000000000000005E-004
2592.1602872300000 1.0000000000000000 1.00000000000000005E-004
2592.1715276999998 1.0000000000000000 1.00000000000000005E-004
2592.1827682200001 1.0000000000000000 1.00000000000000005E-004
2592.1940087900002 1.0000000000000000 1.00000000000000005E-004
2592.2052494099999 1.0000000000000000 1.00000000000000005E-004
2592.2164900700000 1.0000000000000000 1.00000000000000005E-004
2592.2277307899999 1.0000000000000000 1.00000000000000005E-004
2592.2389715499999 1.0000000000000000 1.00000000000000005E-004
2592.2502123600002 1.0000000000000000 1.00000000000000005E-004
2592.2614532200000 1.0000000000000000 1.00000000000000005E-004
2592.2726941300002 1.0000000000000000 1.00000000000000005E-004
2592.2839350899999 1.0000000000000000 1.00000000000000005E-004
2592.2951760999999 1.0000000000000000 1.00000000000000005E-004
2592.3064171500000 1.0000000000000000 1.00000000000000005E-004
2592.3176582599999 1.0000000000000000 1.00000000000000005E-004
2592.3288994099998 1.0000000000000000 1.00000000000000005E-004
2592.3401406100002 0.99999999761820957 1.00000000000000005E-004
2592.3513818699998 0.99999998089422448 1.00000000000000005E-004
2592.3626231600001 0.99999990700144903 1.00000000000000005E-004
2592.3738645100002 0.99999971596703408 1.00000000000000005E-004
2592.3851059100002 0.99999942578328560 1.00000000000000005E-004
2592.3963473600002 0.99999916514379317 1.00000000000000005E-004
2592.4075888500001 0.99999902392696616 1.00000000000000005E-004
2592.4188303900000 0.99999897317424846 1.00000000000000005E-004
2592.4300719900002 0.99999895490409607 1.00000000000000005E-004
2592.4413136300000 0.99999894277779722 1.00000000000000005E-004
2592.4525553200001 0.99999893114884497 1.00000000000000005E-004
2592.4637970499998 0.99999891937042473 1.00000000000000005E-004
2592.4750388399998 0.99999890739773212 1.00000000000000005E-004
2592.4862806800002 0.99999889522297114 1.00000000000000005E-004
2592.4975225600001 0.99999888278794458 1.00000000000000005E-004
2592.5087644900000 0.99999886927883519 1.00000000000000005E-004
2592.5200064800001 0.99999884795235694 1.00000000000000005E-004
2592.5312485099998 0.99999878910225104 1.00000000000000005E-004
2592.5424905899999 0.99999863191266802 1.00000000000000005E-004
2592.5537327100001 0.99999835316383290 1.00000000000000005E-004
2592.5649748900000 0.99999805107643414 1.00000000000000005E-004
2592.5762171199999 0.99999784971186567 1.00000000000000005E-004
2592.5874593899998 0.99999775840243155 1.00000000000000005E-004
2592.5987017100001 0.99999771762336276 1.00000000000000005E-004
2592.6099440900002 0.99999768866800198 1.00000000000000005E-004
2592.6211865099999 0.99999766086562758 1.00000000000000005E-004
2592.6324289800000 0.99999763268697284 1.00000000000000005E-004
2592.6436714900001 0.99999760400160009 1.00000000000000005E-004
2592.6549140600000 0.99999757479183882 1.00000000000000005E-004
2592.6661566799999 0.99999754504469651 1.00000000000000005E-004
2592.6773993400002 0.99999751474640053 1.00000000000000005E-004
2592.6886420500000 0.99999748386590737 1.00000000000000005E-004
2592.6998848200001 0.99999745206629642 1.00000000000000005E-004
2592.7111276300002 0.99999741598714342 1.00000000000000005E-004
2592.7223704899998 0.99999735687380287 1.00000000000000005E-004
2592.7336133899998 0.99999722254782730 1.00000000000000005E-004
2592.7448563500002 0.99999696256512816 1.00000000000000005E-004
2592.7560993600000 0.99999663020535301 1.00000000000000005E-004
2592.7673424099999 0.99999636172663908 1.00000000000000005E-004
2592.7785855200000 0.99999621316388276 1.00000000000000005E-004
2592.7898286700001 0.99999613672168397 1.00000000000000005E-004
2592.8010718700002 0.99999608138379237 1.00000000000000005E-004
2592.8123151200002 0.99999602866306492 1.00000000000000005E-004
2592.8235584200002 0.99999597522347383 1.00000000000000005E-004
2592.8348017600001 0.99999592071647425 1.00000000000000005E-004
2592.8460451599999 0.99999586509523131 1.00000000000000005E-004
2592.8572886000002 0.99999580832860524 1.00000000000000005E-004
2592.8685320999998 0.99999575038492061 1.00000000000000005E-004
2592.8797756399999 0.99999569123142329 1.00000000000000005E-004
2592.8910192300000 0.99999563083417520 1.00000000000000005E-004
2592.9022628700000 0.99999556915703647 1.00000000000000005E-004
2592.9135065599999 0.99999550613089783 1.00000000000000005E-004
2592.9247502899998 0.99999544111077443 1.00000000000000005E-004
2592.9359940800000 0.99999536775165965 1.00000000000000005E-004
2592.9472379099998 0.99999525039538040 1.00000000000000005E-004
2592.9584817999998 0.99999498795883346 1.00000000000000005E-004
2592.9697257299999 0.99999447694576882 1.00000000000000005E-004
2592.9809697100000 0.99999381132208820 1.00000000000000005E-004
2592.9922137399999 0.99999325916497661 1.00000000000000005E-004
2593.0034578200002 0.99999294411152528 1.00000000000000005E-004
2593.0147019400001 0.99999277837558831 1.00000000000000005E-004
2593.0259461199998 0.99999265807890392 1.00000000000000005E-004
2593.0371903499999 0.99999254348131039 1.00000000000000005E-004
2593.0484346200001 0.99999242702658764 1.00000000000000005E-004
2593.0596789400001 0.99999230786899329 1.00000000000000005E-004
2593.0709233100001 0.99999218587791983 1.00000000000000005E-004
2593.0821677300000 0.99999206096128812 1.00000000000000005E-004
2593.0934121999999 0.99999193302475586 1.00000000000000005E-004
2593.1046567200001 0.99999180197020754 1.00000000000000005E-004
2593.1159012799999 0.99999166769546022 1.00000000000000005E-004
2593.1271459000000 0.99999153009407504 1.00000000000000005E-004
2593.1383905600001 0.99999138905525686 1.00000000000000005E-004
2593.1496352700001 0.99999124446351861 1.00000000000000005E-004
2593.1608800300000 0.99999109619843274 1.00000000000000005E-004
2593.1721248399999 0.99999094413446177 1.00000000000000005E-004
2593.1833697000002 0.99999078814066322 1.00000000000000005E-004
2593.1946146099999 0.99999062808041406 1.00000000000000005E-004
2593.2058595700000 0.99999046381115475 1.00000000000000005E-004
2593.2171045700002 0.99999029518399862 1.00000000000000005E-004
2593.2283496199998 0.99999012204325455 1.00000000000000005E-004
2593.2395947300001 0.99998994422626974 1.00000000000000005E-004
2593.2508398800001 0.99998976156317143 1.00000000000000005E-004
2593.2620850799999 0.99998957387620602 1.00000000000000005E-004
2593.2733303300001 0.99998938097937073 1.00000000000000005E-004
2593.2845756199999 0.99998918267795600 1.00000000000000005E-004
2593.2958209700000 0.99998897876801540 1.00000000000000005E-004
2593.3070663600001 0.99998876903594247 1.00000000000000005E-004
2593.3183118100001 0.99998855325788505 1.00000000000000005E-004
2593.3295573000000 0.99998833119918384 1.00000000000000005E-004
2593.3408028399999 0.99998810261359605 1.00000000000000005E-004
2593.3520484300002 0.99998786724260924 1.00000000000000005E-004
2593.3632940699999 0.99998762481486159 1.00000000000000005E-004
2593.3745397600001 0.99998737504536639 1.00000000000000005E-004
2593.3857854900002 0.99998711763451287 1.00000000000000005E-004
2593.3970312800002 0.99998685226717143 1.00000000000000005E-004
2593.4082771100002 0.99998657861191542 1.00000000000000005E-004
2593.4195229900001 0.99998629631971458 1.00000000000000005E-004
2593.4307689299999 0.99998600502300372 1.00000000000000005E-004
2593.4420149100001 0.99998570433478884 1.00000000000000005E-004
2593.4532609299999 0.99998539384675000 1.00000000000000005E-004
2593.4645070100000 0.99998507312782514 1.00000000000000005E-004
2593.4757531400001 0.99998474172335361 1.00000000000000005E-004
2593.4869993100001 0.99998439915316206 1.00000000000000005E-004
2593.4982455400000 0.99998404490959070 1.00000000000000005E-004
2593.5094918099999 0.99998367845595137 1.00000000000000005E-004
2593.5207381300002 0.99998329922422724 1.00000000000000005E-004
2593.5319844999999 0.99998290661283606 1.00000000000000005E-004
2593.5432309200000 0.99998249998448652 1.00000000000000005E-004
2593.5544773900001 0.99998207866360389 1.00000000000000005E-004
2593.5657239000002 0.99998164193323835 1.00000000000000005E-004
2593.5769704700001 0.99998118903198441 1.00000000000000005E-004
2593.5882170800000 0.99998071915090780 1.00000000000000005E-004
2593.5994637499998 0.99998023142987680 1.00000000000000005E-004
2593.6107104600001 0.99997972495368781 1.00000000000000005E-004
2593.6219572199998 0.99997919874745655 1.00000000000000005E-004
2593.6332040299999 0.99997865177192802 1.00000000000000005E-004
2593.6444508899999 0.99997808291876678 1.00000000000000005E-004
2593.6556977900000 0.99997749100448841 1.00000000000000005E-004
2593.6669447499999 0.99997687476425412 1.00000000000000005E-004
2593.6781917500002 0.99997623284552184 1.00000000000000005E-004
2593.6894388000001 0.99997556379994701 1.00000000000000005E-004
2593.7006859100002 0.99997486607556285 1.00000000000000005E-004
2593.7119330599999 0.99997413800838442 1.00000000000000005E-004
2593.7231802599999 0.99997337781162232 1.00000000000000005E-004
2593.7344275000000 0.99997258356422813 1.00000000000000005E-004
2593.7456748000000 0.99997175319903064 1.00000000000000005E-004
2593.7569221499998 0.99997088449029048 1.00000000000000005E-004
2593.7681695400001 0.99996997503815654 1.00000000000000005E-004
2593.7794169800000 0.99996902225061923 1.00000000000000005E-004
2593.7906644800000 0.99996802332623946 1.00000000000000005E-004
2593.8019120200001 0.99996697523426448 1.00000000000000005E-004
2593.8131596100002 0.99996587469028886 1.00000000000000005E-004
2593.8244072399998 0.99996471812970111 1.00000000000000005E-004
2593.8356549300001 0.99996350167907300 1.00000000000000005E-004
2593.8469026700000 0.99996222112500943 1.00000000000000005E-004
2593.8581504499998 0.99996087187643401 1.00000000000000005E-004
2593.8693982899999 0.99995944892231303 1.00000000000000005E-004
2593.8806461700001 0.99995794678614935 1.00000000000000005E-004
2593.8918941000002 0.99995635947185124 1.00000000000000005E-004
2593.9031420800002 0.99995468040337421 1.00000000000000005E-004
2593.9143901100001 0.99995290235736156 1.00000000000000005E-004
2593.9256381800001 0.99995101738343450 1.00000000000000005E-004
2593.9368863099999 0.99994901671427394 1.00000000000000005E-004
2593.9481344800001 0.99994689066382425 1.00000000000000005E-004
2593.9593827100002 0.99994462850872567 1.00000000000000005E-004
2593.9706309799999 0.99994221835214947 1.00000000000000005E-004
2593.9818792999999 0.99993964696423698 1.00000000000000005E-004
2593.9931276699999 0.99993689959838727 1.00000000000000005E-004
2594.0043760899998 0.99993395977906840 1.00000000000000005E-004
2594.0156245600001 0.99993080905204090 1.00000000000000005E-004
2594.0268730700000 0.99992742668908285 1.00000000000000005E-004
2594.0381216400001 0.99992378934237169 1.00000000000000005E-004
2594.0493702499998 0.99991987063844046 1.00000000000000005E-004
2594.0606189099999 0.99991564068916328 1.00000000000000005E-004
2594.0718676299998 0.99991106551550857 1.00000000000000005E-004
2594.0831163900002 0.99990610635892563 1.00000000000000005E-004
2594.0943651900002 0.99990071883655329 1.00000000000000005E-004
2594.1056140500000 0.99989485192836303 1.00000000000000005E-004
2594.1168629600002 0.99988844675691368 1.00000000000000005E-004
2594.1281119099999 0.99988143507441052 1.00000000000000005E-004
2594.1393609199999 0.99987373739964436 1.00000000000000005E-004
2594.1506099700000 0.99986526071913928 1.00000000000000005E-004
2594.1618590700000 0.99985589560021215 1.00000000000000005E-004
2594.1731082199999 0.99984551256127829 1.00000000000000005E-004
2594.1843574200002 0.99983395747040116 1.00000000000000005E-004
2594.1956066700000 0.99982104564341656 1.00000000000000005E-004
2594.2068559700001 0.99980655421426967 1.00000000000000005E-004
2594.2181053099998 0.99979021215129305 1.00000000000000005E-004
2594.2293547099998 0.99977168706860897 1.00000000000000005E-004
2594.2406041499999 0.99975056758598058 1.00000000000000005E-004
2594.2518536399998 0.99972633935273769 1.00000000000000005E-004
2594.2631031800001 0.99969835202145052 1.00000000000000005E-004
2594.2743527700000 0.99966577296909098 1.00000000000000005E-004
2594.2856024100001 0.99962752113918019 1.00000000000000005E-004
2594.2968520899999 0.99958217035803232 1.00000000000000005E-004
2594.3081018299999 0.99952780448810852 1.00000000000000005E-004
2594.3193516100000 0.99946179388294565 1.00000000000000005E-004
2594.3306014499999 0.99938043761454487 1.00000000000000005E-004
2594.3418513299998 0.99927836056397612 1.00000000000000005E-004
2594.3531012600001 0.99914733648960830 1.00000000000000005E-004
2594.3643512399999 0.99897219808393478 1.00000000000000005E-004
2594.3756012700001 0.99870015951673885 1.00000000000000005E-004
2594.3868513500001 0.99799089749294900 1.00000000000000005E-004
2594.3981014699998 0.99471640502603309 1.00000000000000005E-004
2594.4093516500002 0.97929399993383592 1.00000000000000005E-004
2594.4206018700002 0.92424331377231583 1.00000000000000005E-004
2594.4318521400000 0.78743055814385554 1.00000000000000005E-004
2594.4431024599999 0.55809709237820815 1.00000000000000005E-004
2594.4543528300001 0.30347168148352716 1.00000000000000005E-004
2594.4656032500002 0.11864488858963589 1.00000000000000005E-004
2594.4768537199998 3.18452420933477975E-002 1.00000000000000005E-004
2594.4881042400002 5.87138263494095189E-003 1.00000000000000005E-004
2594.4993548000002 2.75956505598223302E-003 1.00000000000000005E-004
2594.5106054100002 1.46525287475458670E-002 1.00000000000000005E-004
2594.5218560799999 6.64504809011416397E-002 1.00000000000000005E-004
2594.5331067900001 0.20336732405517352 1.00000000000000005E-004
2594.5443575499999 0.43548342731698902 1.00000000000000005E-004
2594.5556083600000 0.69043144924065092 1.00000000000000005E-004
2594.5668592200000 0.87392890979769333 1.00000000000000005E-004
2594.5781101200000 0.96178315520183522 1.00000000000000005E-004
2594.5893610799999 0.99042765032595270 1.00000000000000005E-004
2594.6006120799998 0.99712951489598833 1.00000000000000005E-004
2594.6118631300001 0.99847318436898602 1.00000000000000005E-004
2594.6231142400002 0.99885609813112131 1.00000000000000005E-004
2594.6343653899999 0.99906528252481508 1.00000000000000005E-004
2594.6456165899999 0.99921575189127720 1.00000000000000005E-004
2594.6568678300000 0.99933125107053045 1.00000000000000005E-004
2594.6681191299999 0.99942235086866849 1.00000000000000005E-004
2594.6793704800002 0.99949563958415066 1.00000000000000005E-004
2594.6906218700001 0.99955556588232031 1.00000000000000005E-004
2594.7018733099999 0.99960524580216581 1.00000000000000005E-004
2594.7131248100000 0.99964692304578984 1.00000000000000005E-004
2594.7243763500001 0.99968225072031691 1.00000000000000005E-004
2594.7356279400001 0.99971247095518412 1.00000000000000005E-004
2594.7468795700001 0.99973853308907756 1.00000000000000005E-004
2594.7581312600000 0.99976117357772720 1.00000000000000005E-004
2594.7693829999998 0.99978097131057020 1.00000000000000005E-004
2594.7806347800001 0.99979838674865207 1.00000000000000005E-004
2594.7918866199998 0.99981379008292182 1.00000000000000005E-004
2594.8031384999999 0.99982748180059422 1.00000000000000005E-004
2594.8143904300000 0.99983970797110189 1.00000000000000005E-004
2594.8256424100000 0.99985067172781517 1.00000000000000005E-004
2594.8368944399999 0.99986054199594987 1.00000000000000005E-004
2594.8481465099999 0.99986946022273926 1.00000000000000005E-004
2594.8593986400001 0.99987754559919406 1.00000000000000005E-004
2594.8706508199998 0.99988489914197343 1.00000000000000005E-004
2594.8819030400000 0.99989160693799628 1.00000000000000005E-004
2594.8931553100001 0.99989774273449616 1.00000000000000005E-004
2594.9044076300002 0.99990337000563734 1.00000000000000005E-004
2594.9156600000001 0.99990854362672943 1.00000000000000005E-004
2594.9269124200000 0.99991331124107041 1.00000000000000005E-004
2594.9381648899998 0.99991771437802057 1.00000000000000005E-004
2594.9494174100000 0.99992178937291565 1.00000000000000005E-004
2594.9606699699998 0.99992556813189293 1.00000000000000005E-004
2594.9719225899998 0.99992907876589809 1.00000000000000005E-004
2594.9831752499999 0.99993234611846948 1.00000000000000005E-004
2594.9944279599999 0.99993539221470162 1.00000000000000005E-004
2595.0056807199999 0.99993823663757875 1.00000000000000005E-004
2595.0169335300002 0.99994089684495402 1.00000000000000005E-004
2595.0281863900000 0.99994338844136976 1.00000000000000005E-004
2595.0394393000001 0.99994572540939863 1.00000000000000005E-004
2595.0506922499999 0.99994792030953306 1.00000000000000005E-004
2595.0619452599999 0.99994998445047112 1.00000000000000005E-004
2595.0731983100000 0.99995192803454636 1.00000000000000005E-004
2595.0844514099999 0.99995376028683081 1.00000000000000005E-004
2595.0957045599998 0.99995548956568847 1.00000000000000005E-004
2595.1069577600001 0.99995712345788235 1.00000000000000005E-004
2595.1182110099999 0.99995866886295015 1.00000000000000005E-004
2595.1294643100000 0.99996013206666712 1.00000000000000005E-004
2595.1407176600001 0.99996151880515494 1.00000000000000005E-004
2595.1519710500002 0.99996283432222899 1.00000000000000005E-004
2595.1632244900002 0.99996408342031584 1.00000000000000005E-004
2595.1744779900000 0.99996527050286155 1.00000000000000005E-004
2595.1857315299999 0.99996639961282585 1.00000000000000005E-004
2595.1969851200001 0.99996747446915968 1.00000000000000005E-004
2595.2082387599999 0.99996849849732150 1.00000000000000005E-004
2595.2194924500000 0.99996947485579635 1.00000000000000005E-004
2595.2307461800001 0.99997040646142854 1.00000000000000005E-004
2595.2419999700001 0.99997129601132084 1.00000000000000005E-004
2595.2532538000000 0.99997214600180229 1.00000000000000005E-004
2595.2645076800000 0.99997295874694803 1.00000000000000005E-004
2595.2757616200001 0.99997373639386433 1.00000000000000005E-004
2595.2870155999999 0.99997448093629193 1.00000000000000005E-004
2595.2982696300000 0.99997519422844694 1.00000000000000005E-004
2595.3095237000002 0.99997587799693444 1.00000000000000005E-004
2595.3207778300002 0.99997653385080809 1.00000000000000005E-004
2595.3320320100001 0.99997716329024733 1.00000000000000005E-004
2595.3432862300001 0.99997776771573532 1.00000000000000005E-004
2595.3545405000000 0.99997834843678934 1.00000000000000005E-004
2595.3657948300001 0.99997890667814271 1.00000000000000005E-004
2595.3770491999999 0.99997944358587043 1.00000000000000005E-004
2595.3883036200000 0.99997996023411428 1.00000000000000005E-004
2595.3995580900000 0.99998045763026400 1.00000000000000005E-004
2595.4108126000001 0.99998093671984445 1.00000000000000005E-004
2595.4220671700000 0.99998139839111810 1.00000000000000005E-004
2595.4333217799999 0.99998184347895924 1.00000000000000005E-004
2595.4445764500001 0.99998227276873031 1.00000000000000005E-004
2595.4558311599999 0.99998268699970516 1.00000000000000005E-004
2595.4670859200000 0.99998308686852189 1.00000000000000005E-004
2595.4783407300001 0.99998347303210045 1.00000000000000005E-004
2595.4895955900001 0.99998384611010038 1.00000000000000005E-004
2595.5008505000001 0.99998420668748789 1.00000000000000005E-004
2595.5121054599999 0.99998455531679298 1.00000000000000005E-004
2595.5233604599998 0.99998489252044709 1.00000000000000005E-004
2595.5346155200000 0.99998521879270652 1.00000000000000005E-004
2595.5458706200002 0.99998553460119688 1.00000000000000005E-004
2595.5571257699999 0.99998584038886951 1.00000000000000005E-004
2595.5683809699999 0.99998613657556734 1.00000000000000005E-004
2595.5796362199999 0.99998642355929102 1.00000000000000005E-004
2595.5908915199998 0.99998670171758275 1.00000000000000005E-004
2595.6021468700001 0.99998697140874282 1.00000000000000005E-004
2595.6134022599999 0.99998723297314984 1.00000000000000005E-004
2595.6246577100001 0.99998748673430882 1.00000000000000005E-004
2595.6359131999998 0.99998773299963872 1.00000000000000005E-004
2595.6471687399999 0.99998797206162171 1.00000000000000005E-004
2595.6584243299999 0.99998820419868362 1.00000000000000005E-004
2595.6696799699998 0.99998842967586254 1.00000000000000005E-004
2595.6809356600002 0.99998864874562199 1.00000000000000005E-004
2595.6921914000000 0.99998886164855705 1.00000000000000005E-004
2595.7034471900001 0.99998906861400128 1.00000000000000005E-004
2595.7147030199999 0.99998926986074532 1.00000000000000005E-004
2595.7259589000000 0.99998946559777191 1.00000000000000005E-004
2595.7372148400000 0.99998965602453571 1.00000000000000005E-004
2595.7484708200000 0.99998984133137148 1.00000000000000005E-004
2595.7597268499999 0.99999002170025408 1.00000000000000005E-004
2595.7709829300002 0.99999019730520478 1.00000000000000005E-004
2595.7822390599999 0.99999036831254851 1.00000000000000005E-004
2595.7934952300002 0.99999053488145373 1.00000000000000005E-004
2595.8047514599998 0.99999069716431110 1.00000000000000005E-004
2595.8160077299999 0.99999085530698262 1.00000000000000005E-004
2595.8272640599998 0.99999100944915897 1.00000000000000005E-004
2595.8385204299998 0.99999115972464636 1.00000000000000005E-004
2595.8497768500001 0.99999130626174981 1.00000000000000005E-004
2595.8610333199999 0.99999144918353089 1.00000000000000005E-004
2595.8722898400001 0.99999158860795201 1.00000000000000005E-004
2595.8835463999999 0.99999172464824726 1.00000000000000005E-004
2595.8948030199999 0.99999185741317576 1.00000000000000005E-004
2595.9060596899999 0.99999198700722891 1.00000000000000005E-004
2595.9173163999999 0.99999211353782480 1.00000000000000005E-004
2595.9285731599998 0.99999223726337927 1.00000000000000005E-004
2595.9398299700001 0.99999236032748928 1.00000000000000005E-004
2595.9510868299999 0.99999249738540275 1.00000000000000005E-004
2595.9623437400001 0.99999270448449595 1.00000000000000005E-004
2595.9736007000001 0.99999308439066892 1.00000000000000005E-004
2595.9848577100001 0.99999367155431085 1.00000000000000005E-004
2595.9961147600002 0.99999430399279743 1.00000000000000005E-004
2596.0073718700000 0.99999476083081895 1.00000000000000005E-004
2596.0186290199999 0.99999499745399834 1.00000000000000005E-004
2596.0298862200002 0.99999511254746443 1.00000000000000005E-004
2596.0411434700000 0.99999519038664242 1.00000000000000005E-004
2596.0524007700001 0.99999526063664879 1.00000000000000005E-004
2596.0636581200001 0.99999532879399600 1.00000000000000005E-004
2596.0749155200001 0.99999539545904848 1.00000000000000005E-004
2596.0861729600001 0.99999546070547463 1.00000000000000005E-004
2596.0974304599999 0.99999552457427410 1.00000000000000005E-004
2596.1086879999998 0.99999558710397596 1.00000000000000005E-004
2596.1199455900000 0.99999564833178445 1.00000000000000005E-004
2596.1312032400001 0.99999570829361273 1.00000000000000005E-004
2596.1424609300002 0.99999576702407855 1.00000000000000005E-004
2596.1537186599999 0.99999582455670355 1.00000000000000005E-004
2596.1649764499998 0.99999588092533864 1.00000000000000005E-004
2596.1762342900001 0.99999593620166827 1.00000000000000005E-004
2596.1874921700000 0.99999599105716441 1.00000000000000005E-004
2596.1987501100002 0.99999605115043078 1.00000000000000005E-004
2596.2100080900000 0.99999614277479487 1.00000000000000005E-004
2596.2212661200001 0.99999632373151559 1.00000000000000005E-004
2596.2325242000002 0.99999662271411616 1.00000000000000005E-004
2596.2437823300002 0.99999694978551157 1.00000000000000005E-004
2596.2550405100001 0.99999717652953346 1.00000000000000005E-004
2596.2662987399999 0.99999728528152576 1.00000000000000005E-004
2596.2775570099998 0.99999733617251618 1.00000000000000005E-004
2596.2888153399999 0.99999737189756144 1.00000000000000005E-004
2596.3000737100001 0.99999740495642975 1.00000000000000005E-004
2596.3113321300002 0.99999743724020884 1.00000000000000005E-004
2596.3225905999998 0.99999746891806296 1.00000000000000005E-004
2596.3338491200002 0.99999750001178644 1.00000000000000005E-004
2596.3451076900001 0.99999753053583074 1.00000000000000005E-004
2596.3563663099999 0.99999756050403199 1.00000000000000005E-004
2596.3676249800001 0.99999758992981558 1.00000000000000005E-004
2596.3788836899998 0.99999761882722926 1.00000000000000005E-004
2596.3901424599999 0.99999764723947460 1.00000000000000005E-004
2596.4014012700000 0.99999767569006304 1.00000000000000005E-004
2596.4126601299999 0.99999770893306239 1.00000000000000005E-004
2596.4239190399999 0.99999777048859595 1.00000000000000005E-004
2596.4351780000002 0.99999791634477198 1.00000000000000005E-004
2596.4464370100000 0.99999818268780094 1.00000000000000005E-004
2596.4576960700001 0.99999849049962963 1.00000000000000005E-004
2596.4689551699998 0.99999870710363803 1.00000000000000005E-004
2596.4802143299999 0.99999880298267063 1.00000000000000005E-004
2596.4914735299999 0.99999883586680238 1.00000000000000005E-004
2596.5027327799999 0.99999885167134250 1.00000000000000005E-004
2596.5139920800002 0.99999886476311228 1.00000000000000005E-004
2596.5252514300000 0.99999887743170079 1.00000000000000005E-004
2596.5365108300002 0.99999888987981711 1.00000000000000005E-004
2596.5477702799999 0.99999890212168907 1.00000000000000005E-004
2596.5590297799999 0.99999891416210007 1.00000000000000005E-004
2596.5702893200000 0.99999892600571205 1.00000000000000005E-004
2596.5815489199999 0.99999893766633141 1.00000000000000005E-004
2596.5928085599999 0.99999894934468603 1.00000000000000005E-004
2596.6040682500002 0.99999896331020077 1.00000000000000005E-004
2596.6153279900000 0.99999899376843826 1.00000000000000005E-004
2596.6265877800001 0.99999908587055775 1.00000000000000005E-004
2596.6378476199998 0.99999929534214982 1.00000000000000005E-004
2596.6491075099998 0.99999959009489059 1.00000000000000005E-004
2596.6603674399998 1.0000000000000000 1.00000000000000005E-004
2596.6716274300002 1.0000000000000000 1.00000000000000005E-004
2596.6828874600001 1.0000000000000000 1.00000000000000005E-004
2596.6941475399999 1.0000000000000000 1.00000000000000005E-004
2596.7054076700001 1.0000000000000000 1.00000000000000005E-004
2596.7166678499998 1.0000000000000000 1.00000000000000005E-004
2596.7279280799999 1.0000000000000000 1.00000000000000005E-004
2596.7391883599998 1.0000000000000000 1.00000000000000005E-004
2596.7504486900002 1.0000000000000000 1.00000000000000005E-004
2596.7617090600002 1.0000000000000000 1.00000000000000005E-004
2596.7729694800000 1.0000000000000000 1.00000000000000005E-004
2596.7842299600002 1.0000000000000000 1.00000000000000005E-004
2596.7954904799999 1.0000000000000000 1.00000000000000005E-004
2596.8067510500000 1.0000000000000000 1.00000000000000005E-004
2596.8180116700000 1.0000000000000000 1.00000000000000005E-004
2596.8292723400000 1.0000000000000000 1.00000000000000005E-004
2596.8405330500000 1.0000000000000000 1.00000000000000005E-004
2596.8517938199998 1.0000000000000000 1.00000000000000005E-004
2596.8630546400000 1.0000000000000000 1.00000000000000005E-004
2596.8743155000002 1.0000000000000000 1.00000000000000005E-004
