2574.5057383600001 1.0000000000000000 1.00000000000000005E-004
2574.5169022700002 1.0000000000000000 1.00000000000000005E-004
2574.5280662400000 1.0000000000000000 1.00000000000000005E-004
2574.5392302499999 1.0000000000000000 1.00000000000000005E-004
2574.5503943099998 1.0000000000000000 1.00000000000000005E-004
2574.5615584200000 1.0000000000000000 1.00000000000000005E-004
2574.5727225700002 1.0000000000000000 1.00000000000000005E-004
2574.5838867799998 1.0000000000000000 1.00000000000000005E-004
2574.5950510299999 1.0000000000000000 1.00000000000000005E-004
2574.6062153299999 1.0000000000000000 1.00000000000000005E-004
2574.6173796799999 1.0000000000000000 1.00000000000000005E-004
2574.6285440800002 1.0000000000000000 1.00000000000000005E-004
2574.6397085300000 1.0000000000000000 1.00000000000000005E-004
2574.6508730300002 1.0000000000000000 1.00000000000000005E-004
2574.6620375699999 1.0000000000000000 1.00000000000000005E-004
2574.6732021600001 1.0000000000000000 1.00000000000000005E-004
2574.6843668000001 1.0000000000000000 1.00000000000000005E-004
2574.6955314900001 1.0000000000000000 1.00000000000000005E-004
2574.7066962300000 1.0000000000000000 1.00000000000000005E-004
2574.7178610199999 1.0000000000000000 1.00000000000000005E-004
2574.7290258500002 0.99999772925803332 1.00000000000000005E-004
2574.7401907399999 0.99999770332584426 1.00000000000000005E-004
2574.7513556700001 0.99999767903925807 1.00000000000000005E-004
2574.7625206500002 0.99999765453097111 1.00000000000000005E-004
2574.7736856800002 0.99999762963995742 1.00000000000000005E-004
2574.7848507499998 0.99999760435086127 1.00000000000000005E-004
2574.7960158800001 0.99999757865495065 1.00000000000000005E-004
2574.8071810500001 0.99999755254345779 1.00000000000000005E-004
2574.8183462699999 0.99999752600737180 1.00000000000000005E-004
2574.8295115400001 0.99999749903738533 1.00000000000000005E-004
2574.8406768599998 0.99999747162198493 1.00000000000000005E-004
2574.8518422299999 0.99999744369771792 1.00000000000000005E-004
2574.8630076400000 0.99999741444540891 1.00000000000000005E-004
2574.8741731099999 0.99999737711688352 1.00000000000000005E-004
2574.8853386199999 0.99999730200411929 1.00000000000000005E-004
2574.8965041800002 0.99999712829795229 1.00000000000000005E-004
2574.9076697900000 0.99999683279333063 1.00000000000000005E-004
2574.9188354500002 0.99999651371767551 1.00000000000000005E-004
2574.9300011599998 0.99999629511710886 1.00000000000000005E-004
2574.9411669100000 0.99999618629834464 1.00000000000000005E-004
2574.9523327100001 0.99999612771778490 1.00000000000000005E-004
2574.9634985600001 0.99999608065806211 1.00000000000000005E-004
2574.9746644600000 0.99999603444079488 1.00000000000000005E-004
2574.9858304099998 0.99999598752950047 1.00000000000000005E-004
2574.9969964100001 0.99999593978641887 1.00000000000000005E-004
2575.0081624499999 0.99999589118634458 1.00000000000000005E-004
2575.0193285500000 0.99999584170849320 1.00000000000000005E-004
2575.0304946900001 0.99999579133160799 1.00000000000000005E-004
2575.0416608800001 0.99999574003377145 1.00000000000000005E-004
2575.0528271200001 0.99999568779238279 1.00000000000000005E-004
2575.0639934100000 0.99999563458417462 1.00000000000000005E-004
2575.0751597399999 0.99999558038511183 1.00000000000000005E-004
2575.0863261200002 0.99999552516827028 1.00000000000000005E-004
2575.0974925599999 0.99999546884923030 1.00000000000000005E-004
2575.1086590400000 0.99999541047362261 1.00000000000000005E-004
2575.1198255700001 0.99999534174575644 1.00000000000000005E-004
2575.1309921500001 0.99999522214502534 1.00000000000000005E-004
2575.1421587700002 0.99999495140356454 1.00000000000000005E-004
2575.1533254500000 0.99999444459413300 1.00000000000000005E-004
2575.1644921699999 0.99999380608174337 1.00000000000000005E-004
2575.1756589400002 0.99999328261805021 1.00000000000000005E-004
2575.1868257599999 0.99999298375336754 1.00000000000000005E-004
2575.1979926300000 0.99999282977225790 1.00000000000000005E-004
2575.2091595400002 0.99999272286659147 1.00000000000000005E-004
2575.2203265100002 0.99999262314361159 1.00000000000000005E-004
2575.2314935200002 0.99999252237990466 1.00000000000000005E-004
2575.2426605900000 0.99999241960059704 1.00000000000000005E-004
2575.2538276999999 0.99999231468986416 1.00000000000000005E-004
2575.2649948500002 0.99999220758610297 1.00000000000000005E-004
2575.2761620599999 0.99999209822759727 1.00000000000000005E-004
2575.2873293200000 0.99999198655063293 1.00000000000000005E-004
2575.2984966200002 0.99999187248927257 1.00000000000000005E-004
2575.3096639700002 0.99999175597510981 1.00000000000000005E-004
2575.3208313700002 0.99999163693724713 1.00000000000000005E-004
2575.3319988200001 0.99999151530224817 1.00000000000000005E-004
2575.3431663199999 0.99999139099400058 1.00000000000000005E-004
2575.3543338700001 0.99999126393361759 1.00000000000000005E-004
2575.3655014599999 0.99999113403923168 1.00000000000000005E-004
2575.3766691100000 0.99999100122587270 1.00000000000000005E-004
2575.3878368000001 0.99999086540543669 1.00000000000000005E-004
2575.3990045400001 0.99999072648644083 1.00000000000000005E-004
2575.4101723300000 0.99999058437389021 1.00000000000000005E-004
2575.4213401600000 0.99999043896910811 1.00000000000000005E-004
2575.4325080499998 0.99999029016954777 1.00000000000000005E-004
2575.4436759800001 0.99999013786872337 1.00000000000000005E-004
2575.4548439599998 0.99998998195589273 1.00000000000000005E-004
2575.4660119900000 0.99998982231584577 1.00000000000000005E-004
2575.4771800700000 0.99998965882879498 1.00000000000000005E-004
2575.4883482000000 0.99998949137015414 1.00000000000000005E-004
2575.4995163700000 0.99998931981019501 1.00000000000000005E-004
2575.5106845999999 0.99998914401379757 1.00000000000000005E-004
2575.5218528700002 0.99998896384033220 1.00000000000000005E-004
2575.5330211900000 0.99998877914322937 1.00000000000000005E-004
2575.5441895600002 0.99998858976966509 1.00000000000000005E-004
2575.5553579799998 0.99998839556037578 1.00000000000000005E-004
2575.5665264499999 0.99998819634933345 1.00000000000000005E-004
2575.5776949599999 0.99998799196329324 1.00000000000000005E-004
2575.5888635199999 0.99998778222124252 1.00000000000000005E-004
2575.6000321400002 0.99998756693427093 1.00000000000000005E-004
2575.6112008000000 0.99998734590533500 1.00000000000000005E-004
2575.6223694999999 0.99998711892833636 1.00000000000000005E-004
2575.6335382600000 0.99998688578762074 1.00000000000000005E-004
2575.6447070700001 0.99998664625796363 1.00000000000000005E-004
2575.6558759200002 0.99998640010385675 1.00000000000000005E-004
2575.6670448199998 0.99998614707859346 1.00000000000000005E-004
2575.6782137700002 0.99998588692383317 1.00000000000000005E-004
2575.6893827700001 0.99998561936905972 1.00000000000000005E-004
2575.7005518199999 0.99998534413083451 1.00000000000000005E-004
2575.7117209200001 0.99998506091210748 1.00000000000000005E-004
2575.7228900599998 0.99998476940130954 1.00000000000000005E-004
2575.7340592500000 0.99998446927131102 1.00000000000000005E-004
2575.7452284900000 0.99998416017866465 1.00000000000000005E-004
2575.7563977800000 0.99998384176274513 1.00000000000000005E-004
2575.7675671200000 0.99998351364463745 1.00000000000000005E-004
2575.7787365099998 0.99998317542605364 1.00000000000000005E-004
2575.7899059400002 0.99998282668792027 1.00000000000000005E-004
2575.8010754299999 0.99998246698909299 1.00000000000000005E-004
2575.8122449600000 0.99998209586525499 1.00000000000000005E-004
2575.8234145400002 0.99998171282715087 1.00000000000000005E-004
2575.8345841700002 0.99998131735902007 1.00000000000000005E-004
2575.8457538399998 0.99998090891684732 1.00000000000000005E-004
2575.8569235700002 0.99998048692638697 1.00000000000000005E-004
2575.8680933400001 0.99998005078136254 1.00000000000000005E-004
2575.8792631699998 0.99997959984123164 1.00000000000000005E-004
2575.8904330400001 0.99997913342893952 1.00000000000000005E-004
2575.9016029600002 0.99997865082820458 1.00000000000000005E-004
2575.9127729200000 0.99997815128044920 1.00000000000000005E-004
2575.9239429400000 0.99997763398208017 1.00000000000000005E-004
2575.9351130000000 0.99997709808145030 1.00000000000000005E-004
2575.9462831199999 0.99997654267523994 1.00000000000000005E-004
2575.9574532800002 0.99997596680473744 1.00000000000000005E-004
2575.9686234900000 0.99997536945138632 1.00000000000000005E-004
2575.9797937500002 0.99997474953238874 1.00000000000000005E-004
2575.9909640500000 0.99997410589576752 1.00000000000000005E-004
2576.0021344100001 0.99997343731484001 1.00000000000000005E-004
2576.0133048100001 0.99997274248269408 1.00000000000000005E-004
2576.0244752700000 0.99997202000569885 1.00000000000000005E-004
2576.0356457700000 0.99997126839667771 1.00000000000000005E-004
2576.0468163199998 0.99997048606695038 1.00000000000000005E-004
2576.0579869100002 0.99996967131740400 1.00000000000000005E-004
2576.0691575599999 0.99996882232964990 1.00000000000000005E-004
2576.0803282500001 0.99996793715616183 1.00000000000000005E-004
2576.0914990000001 0.99996701370892105 1.00000000000000005E-004
2576.1026697900002 0.99996604974727743 1.00000000000000005E-004
2576.1138406300001 0.99996504286392163 1.00000000000000005E-004
2576.1250115100001 0.99996399046907070 1.00000000000000005E-004
2576.1361824500000 0.99996288977411674 1.00000000000000005E-004
2576.1473534400002 0.99996173777448660 1.00000000000000005E-004
2576.1585244700000 0.99996053122839856 1.00000000000000005E-004
2576.1696955500001 0.99995926663236745 1.00000000000000005E-004
2576.1808666799998 0.99995794019651141 1.00000000000000005E-004
2576.1920378599998 0.99995654781668497 1.00000000000000005E-004
2576.2032090900002 0.99995508504255204 1.00000000000000005E-004
2576.2143803600002 0.99995354704083150 1.00000000000000005E-004
2576.2255516900000 0.99995192855512116 1.00000000000000005E-004
2576.2367230599998 0.99995022386198651 1.00000000000000005E-004
2576.2478944800000 0.99994842671871131 1.00000000000000005E-004
2576.2590659500001 0.99994653030564262 1.00000000000000005E-004
2576.2702374700002 0.99994452716249493 1.00000000000000005E-004
2576.2814090299998 0.99994240911289645 1.00000000000000005E-004
2576.2925806500002 0.99994016718017698 1.00000000000000005E-004
2576.3037523100002 0.99993779149322648 1.00000000000000005E-004
2576.3149240200000 0.99993527117503966 1.00000000000000005E-004
2576.3260957799998 0.99993259421678782 1.00000000000000005E-004
2576.3372675900000 0.99992974733503559 1.00000000000000005E-004
2576.3484394500001 0.99992671580551218 1.00000000000000005E-004
2576.3596113499998 0.99992348326878888 1.00000000000000005E-004
2576.3707833100002 0.99992003150710829 1.00000000000000005E-004
2576.3819553100002 0.99991634018751829 1.00000000000000005E-004
2576.3931273600001 0.99991238655607761 1.00000000000000005E-004
2576.4042994599999 0.99990814508254899 1.00000000000000005E-004
2576.4154716100002 0.99990358704609994 1.00000000000000005E-004
2576.4266438000000 0.99989868003897253 1.00000000000000005E-004
2576.4378160500000 0.99989338738171252 1.00000000000000005E-004
2576.4489883400001 0.99988766743132340 1.00000000000000005E-004
2576.4601606800002 0.99988147274447658 1.00000000000000005E-004
2576.4713330700001 0.99987474907599361 1.00000000000000005E-004
2576.4825055100000 0.99986743417374246 1.00000000000000005E-004
2576.4936779999998 0.99985945631061035 1.00000000000000005E-004
2576.5048505300001 0.99985073248504686 1.00000000000000005E-004
2576.5160231200002 0.99984116621469932 1.00000000000000005E-004
2576.5271957499999 0.99983064481452610 1.00000000000000005E-004
2576.5383684300000 0.99981903598902377 1.00000000000000005E-004
2576.5495411600000 0.99980618356363316 1.00000000000000005E-004
2576.5607139300000 0.99979190207964663 1.00000000000000005E-004
2576.5718867599999 0.99977596989101969 1.00000000000000005E-004
2576.5830596400001 0.99975812029998989 1.00000000000000005E-004
2576.5942325599999 0.99973802998539407 1.00000000000000005E-004
2576.6054055300001 0.99971530375782569 1.00000000000000005E-004
2576.6165785500002 0.99968945429885769 1.00000000000000005E-004
2576.6277516199998 0.99965987481331031 1.00000000000000005E-004
2576.6389247299999 0.99962580152530400 1.00000000000000005E-004
2576.6500979000002 0.99958626148660545 1.00000000000000005E-004
2576.6612711100001 0.99953999859448794 1.00000000000000005E-004
2576.6724443700000 0.99948536638102681 1.00000000000000005E-004
2576.6836176800002 0.99942016903405428 1.00000000000000005E-004
2576.6947910399999 0.99934141898241935 1.00000000000000005E-004
2576.7059644500000 0.99924495461987450 1.00000000000000005E-004
2576.7171379100000 0.99912481096102257 1.00000000000000005E-004
2576.7283114100001 0.99897208687551664 1.00000000000000005E-004
2576.7394849600000 0.99877200553079859 1.00000000000000005E-004
2576.7506585599999 0.99848652225336099 1.00000000000000005E-004
2576.7618322100002 0.99790865186360278 1.00000000000000005E-004
2576.7730059099999 0.99568205514593844 1.00000000000000005E-004
2576.7841796600001 0.98498418383986464 1.00000000000000005E-004
2576.7953534500002 0.94335558760370941 1.00000000000000005E-004
2576.8065273000002 0.82904243711955483 1.00000000000000005E-004
2576.8177011900002 0.61705970806178367 1.00000000000000005E-004
2576.8288751300001 0.35727076445900402 1.00000000000000005E-004
2576.8400491200000 0.14989138167792090 1.00000000000000005E-004
2576.8512231499999 4.32692847518230603E-002 1.00000000000000005E-004
2576.8623972400001 8.32567984408716377E-003 1.00000000000000005E-004
2576.8735713699998 1.55628945892218040E-003 1.00000000000000005E-004
2576.8847455599998 4.94609177776650800E-003 1.00000000000000005E-004
2576.8959197899999 2.87561974979947815E-002 1.00000000000000005E-004
2576.9070940699999 0.11157181176887657 1.00000000000000005E-004
2576.9182683899999 0.29375255815830881 1.00000000000000005E-004
2576.9294427700002 0.55028283218177698 1.00000000000000005E-004
2576.9406171999999 0.78393510648509102 1.00000000000000005E-004
2576.9517916700001 0.92341133727619973 1.00000000000000005E-004
2576.9629661899999 0.97901708234627371 1.00000000000000005E-004
2576.9741407600000 0.99436084675777847 1.00000000000000005E-004
2576.9853153800000 0.99761378774950416 1.00000000000000005E-004
2576.9964900499999 0.99837100147768998 1.00000000000000005E-004
2577.0076647599999 0.99869735819320260 1.00000000000000005E-004
2577.0188395300002 0.99891640318970965 1.00000000000000005E-004
2577.0300143400000 0.99908157506306738 1.00000000000000005E-004
2577.0411892000002 0.99921059506730681 1.00000000000000005E-004
2577.0523641099999 0.99931360849223771 1.00000000000000005E-004
2577.0635390699999 0.99939731179255409 1.00000000000000005E-004
2577.0747140700000 0.99946633277044439 1.00000000000000005E-004
2577.0858891299999 0.99952396826606826 1.00000000000000005E-004
2577.0970642299999 0.99957262564646077 1.00000000000000005E-004
2577.1082393800002 0.99961409993566219 1.00000000000000005E-004
2577.1194145800000 0.99964975388831945 1.00000000000000005E-004
2577.1305898300002 0.99968063846007060 1.00000000000000005E-004
2577.1417651299998 0.99970757547801059 1.00000000000000005E-004
2577.1529404700000 0.99973121560777045 1.00000000000000005E-004
2577.1641158699999 0.99975207975224833 1.00000000000000005E-004
2577.1752913099999 0.99977058912091710 1.00000000000000005E-004
2577.1864667999998 0.99978708744516676 1.00000000000000005E-004
2577.1976423400001 0.99980185757750528 1.00000000000000005E-004
2577.2088179299999 0.99981513404958600 1.00000000000000005E-004
2577.2199935600001 0.99982711271195523 1.00000000000000005E-004
2577.2311692500002 0.99983795818276500 1.00000000000000005E-004
2577.2423449799999 0.99984780965894648 1.00000000000000005E-004
2577.2535207599999 0.99985678551327972 1.00000000000000005E-004
2577.2646965899999 0.99986498693985371 1.00000000000000005E-004
2577.2758724700002 0.99987250086760671 1.00000000000000005E-004
2577.2870484000000 0.99987940231592243 1.00000000000000005E-004
2577.2982243699998 0.99988575631113052 1.00000000000000005E-004
2577.3094004000000 0.99989161944732075 1.00000000000000005E-004
2577.3205764700001 0.99989704116469480 1.00000000000000005E-004
2577.3317525900002 0.99990206481521848 1.00000000000000005E-004
2577.3429287600002 0.99990672854351592 1.00000000000000005E-004
2577.3541049800001 0.99991106601882818 1.00000000000000005E-004
2577.3652812500000 0.99991510705200970 1.00000000000000005E-004
2577.3764575599998 0.99991887811747837 1.00000000000000005E-004
2577.3876339200001 0.99992240279538824 1.00000000000000005E-004
2577.3988103400002 0.99992570213957643 1.00000000000000005E-004
2577.4099867999998 0.99992879499366905 1.00000000000000005E-004
2577.4211633000000 0.99993169827062400 1.00000000000000005E-004
2577.4323398600000 0.99993442718587489 1.00000000000000005E-004
2577.4435164699998 0.99993699545252346 1.00000000000000005E-004
2577.4546931199998 0.99993941545810872 1.00000000000000005E-004
2577.4658698200001 0.99994169841884972 1.00000000000000005E-004
2577.4770465699999 0.99994385450860301 1.00000000000000005E-004
2577.4882233700000 0.99994589297215031 1.00000000000000005E-004
2577.4994002200001 0.99994782222574596 1.00000000000000005E-004
2577.5105771200001 0.99994964994457403 1.00000000000000005E-004
2577.5217540600001 0.99995138314084420 1.00000000000000005E-004
2577.5329310600000 0.99995302823133880 1.00000000000000005E-004
2577.5441080999999 0.99995459109582396 1.00000000000000005E-004
2577.5552851900002 0.99995607713128121 1.00000000000000005E-004
2577.5664623299999 0.99995749129857103 1.00000000000000005E-004
2577.5776395100002 0.99995883816410047 1.00000000000000005E-004
2577.5888167500002 0.99996012193720996 1.00000000000000005E-004
2577.5999940299998 0.99996134650252633 1.00000000000000005E-004
2577.6111713700002 0.99996251544978609 1.00000000000000005E-004
2577.6223487500001 0.99996363210007322 1.00000000000000005E-004
2577.6335261800000 0.99996469953003375 1.00000000000000005E-004
2577.6447036499999 0.99996572059377964 1.00000000000000005E-004
2577.6558811800001 0.99996669794136217 1.00000000000000005E-004
2577.6670587499998 0.99996763403566724 1.00000000000000005E-004
2577.6782363799998 0.99996853116828066 1.00000000000000005E-004
2577.6894140499999 0.99996939147349206 1.00000000000000005E-004
2577.7005917699998 0.99997021694157684 1.00000000000000005E-004
2577.7117695400002 0.99997100943025619 1.00000000000000005E-004
2577.7229473600000 0.99997177067452969 1.00000000000000005E-004
2577.7341252199999 0.99997250229687829 1.00000000000000005E-004
2577.7453031400000 0.99997320581592530 1.00000000000000005E-004
2577.7564811000002 0.99997388265376974 1.00000000000000005E-004
2577.7676591099998 0.99997453414378579 1.00000000000000005E-004
2577.7788371699999 0.99997516153719346 1.00000000000000005E-004
2577.7900152799998 0.99997576600857119 1.00000000000000005E-004
2577.8011934299998 0.99997634866189344 1.00000000000000005E-004
2577.8123716400000 0.99997691053556959 1.00000000000000005E-004
2577.8235498899999 0.99997745260661997 1.00000000000000005E-004
2577.8347281900001 0.99997797579540881 1.00000000000000005E-004
2577.8459065400002 0.99997848096958653 1.00000000000000005E-004
2577.8570849399998 0.99997896894737892 1.00000000000000005E-004
2577.8682633899998 0.99997944050098975 1.00000000000000005E-004
2577.8794418900002 0.99997989635958606 1.00000000000000005E-004
2577.8906204300001 0.99998033721234802 1.00000000000000005E-004
2577.9017990200000 0.99998076371138289 1.00000000000000005E-004
2577.9129776700001 0.99998117647348683 1.00000000000000005E-004
2577.9241563500000 0.99998157608243143 1.00000000000000005E-004
2577.9353350900001 0.99998196309170639 1.00000000000000005E-004
2577.9465138800001 0.99998233802580616 1.00000000000000005E-004
2577.9576927100002 0.99998270138207701 1.00000000000000005E-004
2577.9688716000001 0.99998305363267648 1.00000000000000005E-004
2577.9800505300000 0.99998339522576563 1.00000000000000005E-004
2577.9912295099998 0.99998372658720269 1.00000000000000005E-004
2578.0024085400000 0.99998404812185970 1.00000000000000005E-004
2578.0135876200002 0.99998436021460224 1.00000000000000005E-004
2578.0247667399999 0.99998466323170632 1.00000000000000005E-004
2578.0359459199999 0.99998495752192984 1.00000000000000005E-004
2578.0471251399999 0.99998524341727302 1.00000000000000005E-004
2578.0583044099999 0.99998552123416640 1.00000000000000005E-004
2578.0694837299998 0.99998579127435516 1.00000000000000005E-004
2578.0806631000000 0.99998605382553329 1.00000000000000005E-004
2578.0918425199998 0.99998630916212405 1.00000000000000005E-004
2578.1030219800000 0.99998655754617294 1.00000000000000005E-004
2578.1142015000000 0.99998679922799727 1.00000000000000005E-004
2578.1253810600001 0.99998703444661741 1.00000000000000005E-004
2578.1365606700001 0.99998726343054800 1.00000000000000005E-004
2578.1477403300000 0.99998748639834867 1.00000000000000005E-004
2578.1589200399999 0.99998770355896704 1.00000000000000005E-004
2578.1700997900002 0.99998791511240803 1.00000000000000005E-004
2578.1812795999999 0.99998812125019254 1.00000000000000005E-004
2578.1924594500001 0.99998832215562183 1.00000000000000005E-004
2578.2036393499998 0.99998851800435662 1.00000000000000005E-004
2578.2148192999998 0.99998870896480885 1.00000000000000005E-004
2578.2259992999998 0.99998889519837486 1.00000000000000005E-004
2578.2371793500001 0.99998907685978256 1.00000000000000005E-004
2578.2483594400001 0.99998925409753636 1.00000000000000005E-004
2578.2595395899998 0.99998942705420502 1.00000000000000005E-004
2578.2707197800000 0.99998959586656611 1.00000000000000005E-004
2578.2819000200002 0.99998976066601941 1.00000000000000005E-004
2578.2930803099998 0.99998992157885302 1.00000000000000005E-004
2578.3042606499998 0.99999007872636980 1.00000000000000005E-004
2578.3154410400002 0.99999023222511429 1.00000000000000005E-004
2578.3266214700002 0.99999038218717284 1.00000000000000005E-004
2578.3378019500001 0.99999052872050198 1.00000000000000005E-004
2578.3489824899998 0.99999067192891866 1.00000000000000005E-004
2578.3601630700000 0.99999081191219996 1.00000000000000005E-004
2578.3713437000001 0.99999094876643890 1.00000000000000005E-004
2578.3825243699998 0.99999108258427682 1.00000000000000005E-004
2578.3937050999998 0.99999121345495789 1.00000000000000005E-004
2578.4048858699998 0.99999134146442659 1.00000000000000005E-004
2578.4160667000001 0.99999146669550321 1.00000000000000005E-004
2578.4272475700000 0.99999158922799802 1.00000000000000005E-004
2578.4384284900002 0.99999170913891122 1.00000000000000005E-004
2578.4496094599999 0.99999182650252116 1.00000000000000005E-004
2578.4607904700001 0.99999194139050018 1.00000000000000005E-004
2578.4719715400001 0.99999205387203738 1.00000000000000005E-004
2578.4831526500002 0.99999216401400903 1.00000000000000005E-004
2578.4943338100002 0.99999227188705864 1.00000000000000005E-004
2578.5055150200001 0.99999237770215743 1.00000000000000005E-004
2578.5166962799999 0.99999248354557935 1.00000000000000005E-004
2578.5278775900001 0.99999260485574315 1.00000000000000005E-004
2578.5390589499998 0.99999280379327093 1.00000000000000005E-004
2578.5502403500000 0.99999319563959721 1.00000000000000005E-004
2578.5614218000001 0.99999380693631845 1.00000000000000005E-004
2578.5726033100000 0.99999443454465442 1.00000000000000005E-004
2578.5837848599999 0.99999484788758908 1.00000000000000005E-004
2578.5949664499999 0.99999504106421100 1.00000000000000005E-004
2578.6061481000002 0.99999513284326480 1.00000000000000005E-004
2578.6173297999999 0.99999519892661481 1.00000000000000005E-004
2578.6285115400001 0.99999526045577947 1.00000000000000005E-004
2578.6396933299998 0.99999532055602602 1.00000000000000005E-004
2578.6508751699998 0.99999537950844808 1.00000000000000005E-004
2578.6620570599998 0.99999543735309393 1.00000000000000005E-004
2578.6732390000002 0.99999549411783872 1.00000000000000005E-004
2578.6844209900000 0.99999554982938688 1.00000000000000005E-004
2578.6956030199999 0.99999560451364078 1.00000000000000005E-004
2578.7067851100001 0.99999565819572322 1.00000000000000005E-004
2578.7179672399998 0.99999571089996375 1.00000000000000005E-004
2578.7291494199999 0.99999576264997492 1.00000000000000005E-004
2578.7403316499999 0.99999581346867183 1.00000000000000005E-004
2578.7515139299999 0.99999586337827262 1.00000000000000005E-004
2578.7626962499999 0.99999591240107266 1.00000000000000005E-004
2578.7738786300001 0.99999596058101270 1.00000000000000005E-004
2578.7850610500000 0.99999600834392699 1.00000000000000005E-004
2578.7962435200002 0.99999605968229954 1.00000000000000005E-004
2578.8074260399999 0.99999613552028987 1.00000000000000005E-004
2578.8186086100000 0.99999628957302233 1.00000000000000005E-004
2578.8297912300000 0.99999656442752327 1.00000000000000005E-004
2578.8409738900000 0.99999689245687873 1.00000000000000005E-004
2578.8521565999999 0.99999713835618498 1.00000000000000005E-004
2578.8633393700002 0.99999726066127470 1.00000000000000005E-004
2578.8745221800000 0.99999731387539559 1.00000000000000005E-004
2578.8857050400002 0.99999734709789145 1.00000000000000005E-004
2578.8968879399999 0.99999737678506728 1.00000000000000005E-004
2578.9080709000000 0.99999740571910611 1.00000000000000005E-004
2578.9192539100000 0.99999743416403208 1.00000000000000005E-004
2578.9304369600000 0.99999746214313068 1.00000000000000005E-004
2578.9416200599999 0.99999748966688451 1.00000000000000005E-004
2578.9528032100002 0.99999751674513948 1.00000000000000005E-004
2578.9639864100000 0.99999754338746005 1.00000000000000005E-004
2578.9751696600001 0.99999756960314634 1.00000000000000005E-004
2578.9863529499999 0.99999759540126054 1.00000000000000005E-004
2578.9975362999999 0.99999762079069510 1.00000000000000005E-004
2579.0087196899999 0.99999764578278194 1.00000000000000005E-004
2579.0199031299999 0.99999767045575072 1.00000000000000005E-004
2579.0310866200002 1.0000000000000000 1.00000000000000005E-004
2579.0422701600000 1.0000000000000000 1.00000000000000005E-004
2579.0534537499998 1.0000000000000000 1.00000000000000005E-004
2579.0646373800000 1.0000000000000000 1.00000000000000005E-004
2579.0758210600002 1.0000000000000000 1.00000000000000005E-004
2579.0870048000002 1.0000000000000000 1.00000000000000005E-004
2579.0981885800002 1.0000000000000000 1.00000000000000005E-004
2579.1093724100001 1.0000000000000000 1.00000000000000005E-004
2579.1205562800001 1.0000000000000000 1.00000000000000005E-004
2579.1317402099999 1.0000000000000000 1.00000000000000005E-004
2579.1429241900000 1.0000000000000000 1.00000000000000005E-004
2579.1541082099998 1.0000000000000000 1.00000000000000005E-004
2579.1652922799999 1.0000000000000000 1.00000000000000005E-004
2579.1764764000000 1.0000000000000000 1.00000000000000005E-004
2579.1876605699999 1.0000000000000000 1.00000000000000005E-004
2579.1988447899998 1.0000000000000000 1.00000000000000005E-004
2579.2100290499998 1.0000000000000000 1.00000000000000005E-004
2579.2212133700000 1.0000000000000000 1.00000000000000005E-004
2579.2323977299998 1.0000000000000000 1.00000000000000005E-004
2579.2435821399999 1.0000000000000000 1.00000000000000005E-004
