2604.0687093600000 1.0000000000000000 1.00000000000000005E-004
2604.0800014699998 1.0000000000000000 1.00000000000000005E-004
2604.0912936300001 1.0000000000000000 1.00000000000000005E-004
2604.1025858399998 1.0000000000000000 1.00000000000000005E-004
2604.1138781000000 1.0000000000000000 1.00000000000000005E-004
2604.1251704000001 1.0000000000000000 1.00000000000000005E-004
2604.1364627600001 1.0000000000000000 1.00000000000000005E-004
2604.1477551600001 1.0000000000000000 1.00000000000000005E-004
2604.1590476100000 1.0000000000000000 1.00000000000000005E-004
2604.1703401099999 1.0000000000000000 1.00000000000000005E-004
2604.1816326600001 1.0000000000000000 1.00000000000000005E-004
2604.1929252599998 1.0000000000000000 1.00000000000000005E-004
2604.2042179099999 1.0000000000000000 1.00000000000000005E-004
2604.2155106099999 1.0000000000000000 1.00000000000000005E-004
2604.2268033599998 1.0000000000000000 1.00000000000000005E-004
2604.2380961499998 1.0000000000000000 1.00000000000000005E-004
2604.2493889900002 1.0000000000000000 1.00000000000000005E-004
2604.2606818899999 1.0000000000000000 1.00000000000000005E-004
2604.2719748300001 1.0000000000000000 1.00000000000000005E-004
2604.2832678200002 1.0000000000000000 1.00000000000000005E-004
2604.2945608599998 1.0000000000000000 1.00000000000000005E-004
2604.3058539499998 1.0000000000000000 1.00000000000000005E-004
2604.3171470900002 1.0000000000000000 1.00000000000000005E-004
2604.3284402800000 1.0000000000000000 1.00000000000000005E-004
2604.3397335099999 1.0000000000000000 1.00000000000000005E-004
2604.3510268000000 1.0000000000000000 1.00000000000000005E-004
2604.3623201300002 1.0000000000000000 1.00000000000000005E-004
2604.3736135099998 1.0000000000000000 1.00000000000000005E-004
2604.3849069399998 1.0000000000000000 1.00000000000000005E-004
2604.3962004300001 1.0000000000000000 1.00000000000000005E-004
2604.4074939600000 1.0000000000000000 1.00000000000000005E-004
2604.4187875299999 1.0000000000000000 1.00000000000000005E-004
2604.4300811600001 1.0000000000000000 1.00000000000000005E-004
2604.4413748400002 1.0000000000000000 1.00000000000000005E-004
2604.4526685599999 1.0000000000000000 1.00000000000000005E-004
2604.4639623399999 1.0000000000000000 1.00000000000000005E-004
2604.4752561599998 1.0000000000000000 1.00000000000000005E-004
2604.4865500400001 1.0000000000000000 1.00000000000000005E-004
2604.4978439600000 1.0000000000000000 1.00000000000000005E-004
2604.5091379300002 1.0000000000000000 1.00000000000000005E-004
2604.5204319499999 1.0000000000000000 1.00000000000000005E-004
2604.5317260200000 1.0000000000000000 1.00000000000000005E-004
2604.5430201300001 1.0000000000000000 1.00000000000000005E-004
2604.5543143000000 1.0000000000000000 1.00000000000000005E-004
2604.5656085199998 1.0000000000000000 1.00000000000000005E-004
2604.5769027800002 1.0000000000000000 1.00000000000000005E-004
2604.5881970900000 1.0000000000000000 1.00000000000000005E-004
2604.5994914600001 0.99999999999999967 1.00000000000000005E-004
2604.6107858700002 0.99999999999993716 1.00000000000000005E-004
2604.6220803299998 0.99999999999704703 1.00000000000000005E-004
2604.6333748400002 0.99999999992094823 1.00000000000000005E-004
2604.6446693900002 0.99999999876562840 1.00000000000000005E-004
2604.6559640000000 0.99999998860455397 1.00000000000000005E-004
2604.6672586599998 0.99999993659095809 1.00000000000000005E-004
2604.6785533600000 0.99999978094255293 1.00000000000000005E-004
2604.6898481200001 0.99999950747756716 1.00000000000000005E-004
2604.7011429200002 0.99999922369098904 1.00000000000000005E-004
2604.7124377700002 0.99999904686961294 1.00000000000000005E-004
2604.7237326700001 0.99999897579331898 1.00000000000000005E-004
2604.7350276200000 0.99999895038103503 1.00000000000000005E-004
2604.7463226199998 0.99999893518593919 1.00000000000000005E-004
2604.7576176699999 0.99999892104529442 1.00000000000000005E-004
2604.7689127700000 0.99999890670675728 1.00000000000000005E-004
2604.7802079100002 0.99999889181820412 1.00000000000000005E-004
2604.7915031100001 0.99999887359370954 1.00000000000000005E-004
2604.8027983500001 0.99999883555409175 1.00000000000000005E-004
2604.8140936499999 0.99999872848937377 1.00000000000000005E-004
2604.8253889900002 0.99999849763515725 1.00000000000000005E-004
2604.8366843800000 0.99999818417230268 1.00000000000000005E-004
2604.8479798200001 0.99999792337879445 1.00000000000000005E-004
2604.8592753100002 0.99999778312476417 1.00000000000000005E-004
2604.8705708500001 0.99999772106969798 1.00000000000000005E-004
2604.8818664300002 0.99999768360878249 1.00000000000000005E-004
2604.8931620700000 0.99999764984326278 1.00000000000000005E-004
2604.9044577499999 0.99999761578318891 1.00000000000000005E-004
2604.9157534900000 0.99999758100183622 1.00000000000000005E-004
2604.9270492700002 0.99999754544474084 1.00000000000000005E-004
2604.9383450999999 0.99999750889038674 1.00000000000000005E-004
2604.9496409799999 0.99999746902775566 1.00000000000000005E-004
2604.9609369099999 0.99999741144467391 1.00000000000000005E-004
2604.9722328900002 0.99999729007386617 1.00000000000000005E-004
2604.9835289200000 0.99999704680287493 1.00000000000000005E-004
2604.9948249899999 0.99999671063458240 1.00000000000000005E-004
2605.0061211200000 0.99999641403448958 1.00000000000000005E-004
2605.0174172900001 0.99999623629852818 1.00000000000000005E-004
2605.0287135200001 0.99999614163744655 1.00000000000000005E-004
2605.0400097900001 0.99999607426046322 1.00000000000000005E-004
2605.0513061100000 0.99999601067682564 1.00000000000000005E-004
2605.0626024799999 0.99999594610607290 1.00000000000000005E-004
2605.0738989000001 0.99999587998784023 1.00000000000000005E-004
2605.0851953699998 0.99999581223963119 1.00000000000000005E-004
2605.0964918899999 0.99999574280554626 1.00000000000000005E-004
2605.1077884599999 0.99999567160459002 1.00000000000000005E-004
2605.1190850700000 0.99999559812772099 1.00000000000000005E-004
2605.1303817399998 0.99999551764316441 1.00000000000000005E-004
2605.1416784500002 0.99999540311935253 1.00000000000000005E-004
2605.1529752100000 0.99999517258185289 1.00000000000000005E-004
2605.1642720200002 0.99999472063619688 1.00000000000000005E-004
2605.1755688799999 0.99999407957017894 1.00000000000000005E-004
2605.1868657900000 0.99999347198915534 1.00000000000000005E-004
2605.1981627499999 0.99999307190246645 1.00000000000000005E-004
2605.2094597599998 0.99999284882199746 1.00000000000000005E-004
2605.2207568099998 0.99999269733789964 1.00000000000000005E-004
2605.2320539200000 0.99999255947823507 1.00000000000000005E-004
2605.2433510699998 0.99999242009244516 1.00000000000000005E-004
2605.2546482799999 0.99999227693471715 1.00000000000000005E-004
2605.2659455300000 0.99999212968940232 1.00000000000000005E-004
2605.2772428300000 0.99999197819133945 1.00000000000000005E-004
2605.2885401799999 0.99999182227483197 1.00000000000000005E-004
2605.2998375799998 0.99999166176627696 1.00000000000000005E-004
2605.3111350300001 0.99999149648348162 1.00000000000000005E-004
2605.3224325299998 0.99999132623516906 1.00000000000000005E-004
2605.3337300700000 0.99999115082032042 1.00000000000000005E-004
2605.3450276700000 0.99999097002757409 1.00000000000000005E-004
2605.3563253100001 0.99999078363469363 1.00000000000000005E-004
2605.3676230100000 0.99999059140786073 1.00000000000000005E-004
2605.3789207499999 0.99999039310097226 1.00000000000000005E-004
2605.3902185400002 0.99999018845473020 1.00000000000000005E-004
2605.4015163800000 0.99998997719578397 1.00000000000000005E-004
2605.4128142700001 0.99998975903596066 1.00000000000000005E-004
2605.4241122100002 0.99998953367127819 1.00000000000000005E-004
2605.4354101899999 0.99998930078074477 1.00000000000000005E-004
2605.4467082299998 0.99998906002519616 1.00000000000000005E-004
2605.4580063100002 0.99998881104620030 1.00000000000000005E-004
2605.4693044500000 0.99998855346468929 1.00000000000000005E-004
2605.4806026299998 0.99998828687953223 1.00000000000000005E-004
2605.4919008600000 0.99998801086574962 1.00000000000000005E-004
2605.5031991500000 0.99998772497301414 1.00000000000000005E-004
2605.5144974800000 0.99998742872411128 1.00000000000000005E-004
2605.5257958500001 0.99998712161234127 1.00000000000000005E-004
2605.5370942800000 0.99998680309929178 1.00000000000000005E-004
2605.5483927599998 0.99998647261305618 1.00000000000000005E-004
2605.5596912900000 0.99998612954562782 1.00000000000000005E-004
2605.5709898599998 0.99998577324965643 1.00000000000000005E-004
2605.5822884899999 0.99998540303544770 1.00000000000000005E-004
2605.5935871600000 0.99998501816794239 1.00000000000000005E-004
2605.6048858800000 0.99998461786275317 1.00000000000000005E-004
2605.6161846499999 0.99998420128211218 1.00000000000000005E-004
2605.6274834699998 0.99998376753068929 1.00000000000000005E-004
2605.6387823400000 0.99998331565068921 1.00000000000000005E-004
2605.6500812600002 0.99998284461654197 1.00000000000000005E-004
2605.6613802299998 0.99998235332916208 1.00000000000000005E-004
2605.6726792400000 0.99998184060922812 1.00000000000000005E-004
2605.6839783099999 0.99998130519007278 1.00000000000000005E-004
2605.6952774199999 0.99998074571020712 1.00000000000000005E-004
2605.7065765799998 0.99998016070405216 1.00000000000000005E-004
2605.7178758000000 0.99997954859260674 1.00000000000000005E-004
2605.7291750600002 0.99997890767325115 1.00000000000000005E-004
2605.7404743699999 0.99997823610703918 1.00000000000000005E-004
2605.7517737300000 0.99997753190562200 1.00000000000000005E-004
2605.7630731300001 0.99997679291639985 1.00000000000000005E-004
2605.7743725900000 0.99997601680567960 1.00000000000000005E-004
2605.7856720999998 0.99997520104114346 1.00000000000000005E-004
2605.7969716500002 0.99997434287045917 1.00000000000000005E-004
2605.8082712599999 0.99997343929738858 1.00000000000000005E-004
2605.8195709100000 0.99997248705630204 1.00000000000000005E-004
2605.8308706100001 0.99997148258177326 1.00000000000000005E-004
2605.8421703600002 0.99997042197481878 1.00000000000000005E-004
2605.8534701600001 0.99996930096529379 1.00000000000000005E-004
2605.8647700100000 0.99996811486834813 1.00000000000000005E-004
2605.8760699099998 0.99996685853504030 1.00000000000000005E-004
2605.8873698600000 0.99996552629619873 1.00000000000000005E-004
2605.8986698499998 0.99996411189707934 1.00000000000000005E-004
2605.9099698999999 0.99996260842317453 1.00000000000000005E-004
2605.9212699899999 0.99996100821584255 1.00000000000000005E-004
2605.9325701299999 0.99995930277206968 1.00000000000000005E-004
2605.9438703300002 0.99995748263105044 1.00000000000000005E-004
2605.9551705700001 0.99995553724292108 1.00000000000000005E-004
2605.9664708599998 0.99995345481153786 1.00000000000000005E-004
2605.9777712000000 0.99995122211375620 1.00000000000000005E-004
2605.9890715800002 0.99994882428635490 1.00000000000000005E-004
2606.0003720200002 0.99994624457396020 1.00000000000000005E-004
2606.0116725100002 0.99994346403506285 1.00000000000000005E-004
2606.0229730400001 0.99994046118664748 1.00000000000000005E-004
2606.0342736299999 0.99993721158012583 1.00000000000000005E-004
2606.0455742600002 0.99993368729747090 1.00000000000000005E-004
2606.0568749399999 0.99992985633736986 1.00000000000000005E-004
2606.0681756700001 0.99992568187306974 1.00000000000000005E-004
2606.0794764500001 0.99992112134980715 1.00000000000000005E-004
2606.0907772800001 0.99991612537406249 1.00000000000000005E-004
2606.1020781600000 0.99991063634263821 1.00000000000000005E-004
2606.1133790899999 0.99990458673902782 1.00000000000000005E-004
2606.1246800600002 0.99989789699396281 1.00000000000000005E-004
2606.1359810899999 0.99989047278736287 1.00000000000000005E-004
2606.1472821600000 0.99988220161704622 1.00000000000000005E-004
2606.1585832900000 0.99987294838304142 1.00000000000000005E-004
2606.1698844600000 0.99986254965785837 1.00000000000000005E-004
2606.1811856800000 0.99985080615801725 1.00000000000000005E-004
2606.1924869499999 0.99983747275197787 1.00000000000000005E-004
2606.2037882700001 0.99982224502388839 1.00000000000000005E-004
2606.2150896399999 0.99980474092271576 1.00000000000000005E-004
2606.2263910500001 0.99978447528879322 1.00000000000000005E-004
2606.2376925200001 0.99976082387580611 1.00000000000000005E-004
2606.2489940300002 0.99973297148066931 1.00000000000000005E-004
2606.2602956000001 0.99969983533671924 1.00000000000000005E-004
2606.2715972100000 0.99965994885406628 1.00000000000000005E-004
2606.2828988699998 0.99961127923892978 1.00000000000000005E-004
2606.2942005800001 0.99955092904475751 1.00000000000000005E-004
2606.3055023400002 0.99947460355669515 1.00000000000000005E-004
2606.3168041499998 0.99937524822401869 1.00000000000000005E-004
2606.3281060099998 0.99923497334474753 1.00000000000000005E-004
2606.3394079200002 0.99895505159945153 1.00000000000000005E-004
2606.3507098800001 0.99785323933111902 1.00000000000000005E-004
2606.3620118800000 0.99218639522393848 1.00000000000000005E-004
2606.3733139400001 0.96786771888515089 1.00000000000000005E-004
2606.3846160399999 0.89215188828530390 1.00000000000000005E-004
2606.3959181900000 0.72831335491294169 1.00000000000000005E-004
2606.4072203900000 0.48701145668771539 1.00000000000000005E-004
2606.4185226400000 0.24841413723436326 1.00000000000000005E-004
2606.4298249399999 9.15822382245579242E-002 1.00000000000000005E-004
2606.4411272900002 2.35572358102692399E-002 1.00000000000000005E-004
2606.4524296899999 4.47503284385960837E-003 1.00000000000000005E-004
2606.4637321300002 3.68035178214282848E-003 1.00000000000000005E-004
2606.4750346300002 1.94833768121039294E-002 1.00000000000000005E-004
2606.4863371699998 8.00527946843276744E-002 1.00000000000000005E-004
2606.4976397700002 0.22749653496251607 1.00000000000000005E-004
2606.5089424100001 0.46254226351189415 1.00000000000000005E-004
2606.5202451000000 0.70975208316009442 1.00000000000000005E-004
2606.5315478399998 0.88293673463247080 1.00000000000000005E-004
2606.5428506300000 0.96482122235179446 1.00000000000000005E-004
2606.5541534700001 0.99148261230916368 1.00000000000000005E-004
2606.5654563600001 0.99771484966258950 1.00000000000000005E-004
2606.5767592900002 0.99891376430706846 1.00000000000000005E-004
2606.5880622800000 0.99921114688244106 1.00000000000000005E-004
2606.5993653099999 0.99935792272329127 1.00000000000000005E-004
2606.6106684000001 0.99946132695431078 1.00000000000000005E-004
2606.6219715299999 0.99954048615743818 1.00000000000000005E-004
2606.6332747100000 0.99960289772973077 1.00000000000000005E-004
2606.6445779400001 0.99965310835846077 1.00000000000000005E-004
2606.6558812200001 0.99969417285199436 1.00000000000000005E-004
2606.6671845500000 0.99972822659634775 1.00000000000000005E-004
2606.6784879299998 0.99975680535333789 1.00000000000000005E-004
2606.6897913500002 0.99978103985332145 1.00000000000000005E-004
2606.7010948299999 0.99980177936273484 1.00000000000000005E-004
2606.7123983500001 0.99981967280862594 1.00000000000000005E-004
2606.7237019300001 0.99983522357019827 1.00000000000000005E-004
2606.7350055500001 0.99984882736280267 1.00000000000000005E-004
2606.7463092200001 0.99986079899585756 1.00000000000000005E-004
2606.7576129399999 0.99987139160857030 1.00000000000000005E-004
2606.7689167100002 0.99988081072579604 1.00000000000000005E-004
2606.7802205300000 0.99988922469297747 1.00000000000000005E-004
2606.7915244000001 0.99989677251696962 1.00000000000000005E-004
2606.8028283100002 0.99990356983631290 1.00000000000000005E-004
2606.8141322800002 0.99990971350878266 1.00000000000000005E-004
2606.8254362900002 0.99991528517227046 1.00000000000000005E-004
2606.8367403600000 0.99992035404226243 1.00000000000000005E-004
2606.8480444699999 0.99992497912304235 1.00000000000000005E-004
2606.8593486300001 0.99992921097404130 1.00000000000000005E-004
2606.8706528399998 0.99993309312587109 1.00000000000000005E-004
2606.8819570999999 0.99993666322356956 1.00000000000000005E-004
2606.8932614099999 0.99993995396059099 1.00000000000000005E-004
2606.9045657699999 0.99994299384309471 1.00000000000000005E-004
2606.9158701800002 0.99994580781902442 1.00000000000000005E-004
2606.9271746300001 0.99994841780123533 1.00000000000000005E-004
2606.9384791399998 0.99995084310128035 1.00000000000000005E-004
2606.9497836900000 0.99995310079073574 1.00000000000000005E-004
2606.9610882900001 0.99995520600890131 1.00000000000000005E-004
2606.9723929500001 0.99995717221902491 1.00000000000000005E-004
2606.9836976500001 0.99995901142516364 1.00000000000000005E-004
2606.9950024000000 0.99996073436069810 1.00000000000000005E-004
2607.0063071999998 0.99996235064621686 1.00000000000000005E-004
2607.0176120400001 0.99996386892540912 1.00000000000000005E-004
2607.0289169399998 0.99996529698249692 1.00000000000000005E-004
2607.0402218899999 0.99996664184120621 1.00000000000000005E-004
2607.0515268800000 0.99996790985341411 1.00000000000000005E-004
2607.0628319299999 0.99996910677570128 1.00000000000000005E-004
2607.0741370199999 0.99997023783401884 1.00000000000000005E-004
2607.0854421600002 0.99997130778220200 1.00000000000000005E-004
2607.0967473500000 0.99997232095238864 1.00000000000000005E-004
2607.1080525900002 0.99997328129864083 1.00000000000000005E-004
2607.1193578799998 0.99997419243612207 1.00000000000000005E-004
2607.1306632199999 0.99997505767547001 1.00000000000000005E-004
2607.1419686099998 0.99997588005307458 1.00000000000000005E-004
2607.1532740500002 0.99997666235776361 1.00000000000000005E-004
2607.1645795300001 0.99997740715509853 1.00000000000000005E-004
2607.1758850699998 0.99997811680847437 1.00000000000000005E-004
2607.1871906500000 0.99997879349740593 1.00000000000000005E-004
2607.1984962800002 0.99997943923497690 1.00000000000000005E-004
2607.2098019599998 0.99998005588292649 1.00000000000000005E-004
2607.2211076899998 0.99998064516477037 1.00000000000000005E-004
2607.2324134700002 0.99998120867806817 1.00000000000000005E-004
2607.2437193000001 0.99998174790535610 1.00000000000000005E-004
2607.2550251799998 0.99998226422392777 1.00000000000000005E-004
2607.2663311100000 0.99998275891457700 1.00000000000000005E-004
2607.2776370800002 0.99998323316987903 1.00000000000000005E-004
2607.2889431100002 0.99998368810135918 1.00000000000000005E-004
2607.3002491799998 0.99998412474567078 1.00000000000000005E-004
2607.3115552999998 0.99998454407094561 1.00000000000000005E-004
2607.3228614700001 0.99998494698226992 1.00000000000000005E-004
2607.3341676999999 0.99998533432604231 1.00000000000000005E-004
2607.3454739700001 0.99998570689440591 1.00000000000000005E-004
2607.3567802799998 0.99998606543005930 1.00000000000000005E-004
2607.3680866499999 0.99998641062989968 1.00000000000000005E-004
2607.3793930699999 0.99998674314767799 1.00000000000000005E-004
2607.3906995299999 0.99998706359748823 1.00000000000000005E-004
2607.4020060500002 0.99998737255686265 1.00000000000000005E-004
2607.4133126100000 0.99998767056911320 1.00000000000000005E-004
2607.4246192300002 0.99998795814575492 1.00000000000000005E-004
2607.4359258899999 0.99998823576867502 1.00000000000000005E-004
2607.4472326000000 0.99998850389233052 1.00000000000000005E-004
2607.4585393600000 0.99998876294560235 1.00000000000000005E-004
2607.4698461700000 0.99998901333333490 1.00000000000000005E-004
2607.4811530299999 0.99998925543793826 1.00000000000000005E-004
2607.4924599300002 0.99998948962103684 1.00000000000000005E-004
2607.5037668900000 0.99998971622484478 1.00000000000000005E-004
2607.5150739000001 0.99998993557307869 1.00000000000000005E-004
2607.5263809500002 0.99999014797228469 1.00000000000000005E-004
2607.5376880499998 0.99999035371322964 1.00000000000000005E-004
2607.5489952100002 0.99999055307156770 1.00000000000000005E-004
2607.5603024100001 0.99999074630864826 1.00000000000000005E-004
2607.5716096599999 0.99999093367266956 1.00000000000000005E-004
2607.5829169600001 0.99999111539943042 1.00000000000000005E-004
2607.5942243099998 0.99999129171291368 1.00000000000000005E-004
2607.6055317000000 0.99999146282611950 1.00000000000000005E-004
2607.6168391500000 0.99999162894172688 1.00000000000000005E-004
2607.6281466400001 0.99999179025287566 1.00000000000000005E-004
2607.6394541899999 0.99999194695410831 1.00000000000000005E-004
2607.6507617799998 0.99999209945643031 1.00000000000000005E-004
2607.6620694300000 0.99999225082088283 1.00000000000000005E-004
2607.6733771200002 0.99999242094150353 1.00000000000000005E-004
2607.6846848599998 0.99999268095498295 1.00000000000000005E-004
2607.6959926499999 0.99999314345075452 1.00000000000000005E-004
2607.7073004899999 0.99999380388949077 1.00000000000000005E-004
2607.7186083699999 0.99999443885677231 1.00000000000000005E-004
2607.7299163100001 0.99999484417014461 1.00000000000000005E-004
2607.7412242999999 0.99999504228547798 1.00000000000000005E-004
2607.7525323300001 0.99999515140189998 1.00000000000000005E-004
2607.7638404200002 0.99999523835842752 1.00000000000000005E-004
2607.7751485499998 0.99999532055100326 1.00000000000000005E-004
2607.7864567299998 0.99999540044946789 1.00000000000000005E-004
2607.7977649600002 0.99999547831006830 1.00000000000000005E-004
2607.8090732400001 0.99999555420911967 1.00000000000000005E-004
2607.8203815699999 0.99999562821217725 1.00000000000000005E-004
2607.8316899500001 0.99999570038190166 1.00000000000000005E-004
2607.8429983800002 0.99999577077908886 1.00000000000000005E-004
2607.8543068499998 0.99999583948433513 1.00000000000000005E-004
2607.8656153799998 0.99999590695757778 1.00000000000000005E-004
2607.8769239500002 0.99999597721407985 1.00000000000000005E-004
2607.8882325800000 0.99999607114151912 1.00000000000000005E-004
2607.8995412499999 0.99999624224067507 1.00000000000000005E-004
2607.9108499700001 0.99999653267374822 1.00000000000000005E-004
2607.9221587400002 0.99999687452313257 1.00000000000000005E-004
2607.9334675599998 0.99999713271905644 1.00000000000000005E-004
2607.9447764299998 0.99999726634046759 1.00000000000000005E-004
2607.9560853500002 0.99999733027750115 1.00000000000000005E-004
2607.9673943100001 0.99999737377518694 1.00000000000000005E-004
2607.9787033299999 0.99999741333060566 1.00000000000000005E-004
2607.9900123900002 0.99999745174427723 1.00000000000000005E-004
2608.0013215099998 0.99999748929550847 1.00000000000000005E-004
2608.0126306699999 0.99999752602207892 1.00000000000000005E-004
2608.0239398799999 0.99999756194868894 1.00000000000000005E-004
2608.0352491399999 0.99999759711126979 1.00000000000000005E-004
2608.0465584499998 0.99999763178316570 1.00000000000000005E-004
2608.0578678100001 0.99999766872683904 1.00000000000000005E-004
2608.0691772199998 0.99999772417527411 1.00000000000000005E-004
2608.0804866799999 0.99999784621168109 1.00000000000000005E-004
2608.0917961800001 0.99999808688501979 1.00000000000000005E-004
2608.1031057400000 0.99999840195001477 1.00000000000000005E-004
2608.1144153400001 0.99999865581372660 1.00000000000000005E-004
2608.1257249999999 0.99999878341834103 1.00000000000000005E-004
2608.1370347000002 0.99999883004872470 1.00000000000000005E-004
2608.1483444500000 0.99999885067767347 1.00000000000000005E-004
2608.1596542500001 0.99999886653850656 1.00000000000000005E-004
2608.1709641000002 0.99999888165823225 1.00000000000000005E-004
2608.1822739999998 0.99999889645435436 1.00000000000000005E-004
2608.1935839500002 0.99999891095819793 1.00000000000000005E-004
2608.2048939400001 0.99999892518764222 1.00000000000000005E-004
2608.2162039899999 0.99999893934639483 1.00000000000000005E-004
2608.2275140800002 0.99999895570365416 1.00000000000000005E-004
2608.2388242299999 0.99999898844347002 1.00000000000000005E-004
2608.2501344200000 0.99999908261877446 1.00000000000000005E-004
2608.2614446600001 0.99999929373746843 1.00000000000000005E-004
2608.2727549500000 0.99999958950903955 1.00000000000000005E-004
2608.2840652899999 0.99999983662012004 1.00000000000000005E-004
2608.2953756799998 0.99999995831428978 1.00000000000000005E-004
2608.3066861200000 0.99999999345853829 1.00000000000000005E-004
2608.3179965999998 0.99999999938498552 1.00000000000000005E-004
2608.3293071399999 0.99999999996595224 1.00000000000000005E-004
2608.3406177299998 0.99999999999890399 1.00000000000000005E-004
2608.3519283599999 0.99999999999998046 1.00000000000000005E-004
2608.3632390399998 1.0000000000000000 1.00000000000000005E-004
2608.3745497700002 1.0000000000000000 1.00000000000000005E-004
2608.3858605599999 1.0000000000000000 1.00000000000000005E-004
2608.3971713900000 1.0000000000000000 1.00000000000000005E-004
2608.4084822700001 1.0000000000000000 1.00000000000000005E-004
2608.4197931899998 1.0000000000000000 1.00000000000000005E-004
2608.4311041699998 1.0000000000000000 1.00000000000000005E-004
2608.4424152000001 1.0000000000000000 1.00000000000000005E-004
2608.4537262700001 1.0000000000000000 1.00000000000000005E-004
2608.4650373999998 1.0000000000000000 1.00000000000000005E-004
2608.4763485700000 1.0000000000000000 1.00000000000000005E-004
2608.4876597900002 1.0000000000000000 1.00000000000000005E-004
2608.4989710700002 1.0000000000000000 1.00000000000000005E-004
2608.5102823900002 1.0000000000000000 1.00000000000000005E-004
2608.5215937600001 1.0000000000000000 1.00000000000000005E-004
2608.5329051799999 1.0000000000000000 1.00000000000000005E-004
2608.5442166399998 1.0000000000000000 1.00000000000000005E-004
2608.5555281600000 1.0000000000000000 1.00000000000000005E-004
2608.5668397300001 1.0000000000000000 1.00000000000000005E-004
2608.5781513400002 1.0000000000000000 1.00000000000000005E-004
2608.5894630100001 1.0000000000000000 1.00000000000000005E-004
2608.6007747200001 1.0000000000000000 1.00000000000000005E-004
2608.6120864800000 1.0000000000000000 1.00000000000000005E-004
2608.6233982899998 1.0000000000000000 1.00000000000000005E-004
2608.6347101500000 1.0000000000000000 1.00000000000000005E-004
2608.6460220600002 1.0000000000000000 1.00000000000000005E-004
2608.6573340199998 1.0000000000000000 1.00000000000000005E-004
2608.6686460300002 1.0000000000000000 1.00000000000000005E-004
2608.6799580900001 1.0000000000000000 1.00000000000000005E-004
2608.6912701900001 1.0000000000000000 1.00000000000000005E-004
2608.7025823499998 1.0000000000000000 1.00000000000000005E-004
2608.7138945500001 1.0000000000000000 1.00000000000000005E-004
2608.7252067999998 1.0000000000000000 1.00000000000000005E-004
2608.7365190999999 1.0000000000000000 1.00000000000000005E-004
2608.7478314499999 1.0000000000000000 1.00000000000000005E-004
2608.7591438499999 1.0000000000000000 1.00000000000000005E-004
2608.7704563000002 1.0000000000000000 1.00000000000000005E-004
2608.7817688000000 1.0000000000000000 1.00000000000000005E-004
2608.7930813500002 1.0000000000000000 1.00000000000000005E-004
2608.8043939400000 1.0000000000000000 1.00000000000000005E-004
2608.8157065900000 1.0000000000000000 1.00000000000000005E-004
2608.8270192800001 1.0000000000000000 1.00000000000000005E-004
2608.8383320299999 1.0000000000000000 1.00000000000000005E-004
2608.8496448199999 1.0000000000000000 1.00000000000000005E-004
