1525.3042544400000 1.0000000000000000 1.00000000000000005E-004
1525.3108686700000 1.0000000000000000 1.00000000000000005E-004
1525.3174829300001 1.0000000000000000 1.00000000000000005E-004
1525.3240972100000 1.0000000000000000 1.00000000000000005E-004
1525.3307115200000 1.0000000000000000 1.00000000000000005E-004
1525.3373258700001 1.0000000000000000 1.00000000000000005E-004
1525.3439402399999 1.0000000000000000 1.00000000000000005E-004
1525.3505546399999 1.0000000000000000 1.00000000000000005E-004
1525.3571690599999 1.0000000000000000 1.00000000000000005E-004
1525.3637835200000 1.0000000000000000 1.00000000000000005E-004
1525.3703980099999 1.0000000000000000 1.00000000000000005E-004
1525.3770125200001 1.0000000000000000 1.00000000000000005E-004
1525.3836270600000 1.0000000000000000 1.00000000000000005E-004
1525.3902416400001 1.0000000000000000 1.00000000000000005E-004
1525.3968562400000 1.0000000000000000 1.00000000000000005E-004
1525.4034708700001 1.0000000000000000 1.00000000000000005E-004
1525.4100855199999 1.0000000000000000 1.00000000000000005E-004
1525.4167002100000 1.0000000000000000 1.00000000000000005E-004
1525.4233149300001 1.0000000000000000 1.00000000000000005E-004
1525.4299296700001 1.0000000000000000 1.00000000000000005E-004
1525.4365444400000 0.99975621715988305 1.00000000000000005E-004
1525.4431592400001 0.99975365599057409 1.00000000000000005E-004
1525.4497740700001 0.99975105425486854 1.00000000000000005E-004
1525.4563889300000 0.99974841109185675 1.00000000000000005E-004
1525.4630038200000 0.99974572561884467 1.00000000000000005E-004
1525.4696187300001 0.99974299692794188 1.00000000000000005E-004
1525.4762336800000 0.99974022408547480 1.00000000000000005E-004
1525.4828486500001 0.99973740613473971 1.00000000000000005E-004
1525.4894636500001 0.99973454209067114 1.00000000000000005E-004
1525.4960786900001 0.99973163094283446 1.00000000000000005E-004
1525.5026937400000 0.99972867165535118 1.00000000000000005E-004
1525.5093088300000 0.99972566315812983 1.00000000000000005E-004
1525.5159239499999 0.99972260435370908 1.00000000000000005E-004
1525.5225390900000 0.99971949411558336 1.00000000000000005E-004
1525.5291542699999 0.99971633128301962 1.00000000000000005E-004
1525.5357694700001 0.99971311466501478 1.00000000000000005E-004
1525.5423847000000 0.99970984303509358 1.00000000000000005E-004
1525.5489999599999 0.99970651512973163 1.00000000000000005E-004
1525.5556152500001 0.99970312965039632 1.00000000000000005E-004
1525.5622305700001 0.99969968526166975 1.00000000000000005E-004
1525.5688459200001 0.99969618059122844 1.00000000000000005E-004
1525.5754612900000 0.99969261422572475 1.00000000000000005E-004
1525.5820766899999 0.99968898470433776 1.00000000000000005E-004
1525.5886921300000 0.99968529052485666 1.00000000000000005E-004
1525.5953075899999 0.99968153014617589 1.00000000000000005E-004
1525.6019230800000 0.99967770197785188 1.00000000000000005E-004
1525.6085386000000 0.99967380438060149 1.00000000000000005E-004
1525.6151541400000 0.99966983566486445 1.00000000000000005E-004
1525.6217697200000 0.99966579408755574 1.00000000000000005E-004
1525.6283853200000 0.99966167785376392 1.00000000000000005E-004
1525.6350009600001 0.99965748511367003 1.00000000000000005E-004
1525.6416166199999 0.99965321396180296 1.00000000000000005E-004
1525.6482323099999 0.99964886243102991 1.00000000000000005E-004
1525.6548480300000 0.99964442849170998 1.00000000000000005E-004
1525.6614637700000 0.99963991004874420 1.00000000000000005E-004
1525.6680795499999 0.99963530493627240 1.00000000000000005E-004
1525.6746953600000 0.99963061092617767 1.00000000000000005E-004
1525.6813111900001 0.99962582572093350 1.00000000000000005E-004
1525.6879270500001 0.99962094694054004 1.00000000000000005E-004
1525.6945429400000 0.99961597212581421 1.00000000000000005E-004
1525.7011588600001 0.99961089873905040 1.00000000000000005E-004
1525.7077748100000 0.99960572415866689 1.00000000000000005E-004
1525.7143907899999 0.99960044567589212 1.00000000000000005E-004
1525.7210067999999 0.99959506049371416 1.00000000000000005E-004
1525.7276228300000 0.99958956571913093 1.00000000000000005E-004
1525.7342388899999 0.99958395835138270 1.00000000000000005E-004
1525.7408549899999 0.99957823528972145 1.00000000000000005E-004
1525.7474711100001 0.99957239333606041 1.00000000000000005E-004
1525.7540872600000 0.99956642917818783 1.00000000000000005E-004
1525.7607034299999 0.99956033937939093 1.00000000000000005E-004
1525.7673196400001 0.99955412037852687 1.00000000000000005E-004
1525.7739358800000 0.99954776849844862 1.00000000000000005E-004
1525.7805521400001 0.99954127993305386 1.00000000000000005E-004
1525.7871684300001 0.99953465072491732 1.00000000000000005E-004
1525.7937847600001 0.99952787677542321 1.00000000000000005E-004
1525.8004011099999 0.99952095384745621 1.00000000000000005E-004
1525.8070174899999 0.99951387754466370 1.00000000000000005E-004
1525.8136338899999 0.99950664329836281 1.00000000000000005E-004
1525.8202503299999 0.99949924636762322 1.00000000000000005E-004
1525.8268667899999 0.99949168183676196 1.00000000000000005E-004
1525.8334832900000 0.99948394460466183 1.00000000000000005E-004
1525.8400998100001 0.99947602937813640 1.00000000000000005E-004
1525.8467163600001 0.99946793065467388 1.00000000000000005E-004
1525.8533329400000 0.99945964271282373 1.00000000000000005E-004
1525.8599495500000 0.99945115961128717 1.00000000000000005E-004
1525.8665661900000 0.99944247517859852 1.00000000000000005E-004
1525.8731828499999 0.99943358299232232 1.00000000000000005E-004
1525.8797995499999 0.99942447636769105 1.00000000000000005E-004
1525.8864162699999 0.99941514835774403 1.00000000000000005E-004
1525.8930330200001 0.99940559172749976 1.00000000000000005E-004
1525.8996497999999 0.99939579893830521 1.00000000000000005E-004
1525.9062666100001 0.99938576214264174 1.00000000000000005E-004
1525.9128834500000 0.99937547316633679 1.00000000000000005E-004
1525.9195003200000 0.99936492349472428 1.00000000000000005E-004
1525.9261172100000 0.99935410424434179 1.00000000000000005E-004
1525.9327341400001 0.99934300614515270 1.00000000000000005E-004
1525.9393510899999 0.99933161953598915 1.00000000000000005E-004
1525.9459680699999 0.99931993432801225 1.00000000000000005E-004
1525.9525850800001 0.99930793998076151 1.00000000000000005E-004
1525.9592021200001 0.99929562549143991 1.00000000000000005E-004
1525.9658191900000 0.99928297937061072 1.00000000000000005E-004
1525.9724362800000 0.99926998960124014 1.00000000000000005E-004
1525.9790534100000 0.99925664360898991 1.00000000000000005E-004
1525.9856705600000 0.99924292824526129 1.00000000000000005E-004
1525.9922877500001 0.99922882975173577 1.00000000000000005E-004
1525.9989049599999 0.99921433373019564 1.00000000000000005E-004
1526.0055222000001 0.99919942509255399 1.00000000000000005E-004
1526.0121394700000 0.99918408802687497 1.00000000000000005E-004
1526.0187567600001 0.99916830595497430 1.00000000000000005E-004
1526.0253740900000 0.99915206148129088 1.00000000000000005E-004
1526.0319914400000 0.99913533635946328 1.00000000000000005E-004
1526.0386088299999 0.99911811143718576 1.00000000000000005E-004
1526.0452262399999 0.99910036660627499 1.00000000000000005E-004
1526.0518436800000 0.99908208072607951 1.00000000000000005E-004
1526.0584611500001 0.99906323156177956 1.00000000000000005E-004
1526.0650786500000 0.99904379574260105 1.00000000000000005E-004
1526.0716961700000 0.99902374866406352 1.00000000000000005E-004
1526.0783137300000 0.99900306440870135 1.00000000000000005E-004
1526.0849313100000 0.99898171568729321 1.00000000000000005E-004
1526.0915489199999 0.99895967371205685 1.00000000000000005E-004
1526.0981665700001 0.99893690812131408 1.00000000000000005E-004
1526.1047842400001 0.99891338690991749 1.00000000000000005E-004
1526.1114019400000 0.99888907627199153 1.00000000000000005E-004
1526.1180196600001 0.99886394045853388 1.00000000000000005E-004
1526.1246374200000 0.99883794167048667 1.00000000000000005E-004
1526.1312551999999 0.99881103993477849 1.00000000000000005E-004
1526.1378730199999 0.99878319294212858 1.00000000000000005E-004
1526.1444908599999 0.99875435588793160 1.00000000000000005E-004
1526.1511087300000 0.99872448126198143 1.00000000000000005E-004
1526.1577266300001 0.99869351865154954 1.00000000000000005E-004
1526.1643445600000 0.99866141456224500 1.00000000000000005E-004
1526.1709625200001 0.99862811218871750 1.00000000000000005E-004
1526.1775805000000 0.99859355112658088 1.00000000000000005E-004
1526.1841985200001 0.99855766709924543 1.00000000000000005E-004
1526.1908165600000 0.99852039170829865 1.00000000000000005E-004
1526.1974346300001 0.99848165205762840 1.00000000000000005E-004
1526.2040527300001 0.99844137038890957 1.00000000000000005E-004
1526.2106708599999 0.99839946372962696 1.00000000000000005E-004
1526.2172890200000 0.99835584345718720 1.00000000000000005E-004
1526.2239072100001 0.99831041484204697 1.00000000000000005E-004
1526.2305254200000 0.99826307648656865 1.00000000000000005E-004
1526.2371436700000 0.99821371976066819 1.00000000000000005E-004
1526.2437619400000 0.99816222824480516 1.00000000000000005E-004
1526.2503802399999 0.99810847697316352 1.00000000000000005E-004
1526.2569985700000 0.99805233166484220 1.00000000000000005E-004
1526.2636169299999 0.99799364794305312 1.00000000000000005E-004
1526.2702353200000 0.99793227041122856 1.00000000000000005E-004
1526.2768537300001 0.99786803155352544 1.00000000000000005E-004
1526.2834721800000 0.99780075058063467 1.00000000000000005E-004
1526.2900906499999 0.99773023222004198 1.00000000000000005E-004
1526.2967091600001 0.99765626528110440 1.00000000000000005E-004
1526.3033276900001 0.99757862109337170 1.00000000000000005E-004
1526.3099462499999 0.99749705166377289 1.00000000000000005E-004
1526.3165648400000 0.99741128771692533 1.00000000000000005E-004
1526.3231834500000 0.99732103646062142 1.00000000000000005E-004
1526.3298021000001 0.99722597904062293 1.00000000000000005E-004
1526.3364207699999 0.99712576779655526 1.00000000000000005E-004
1526.3430394800000 0.99702002305088999 1.00000000000000005E-004
1526.3496582099999 0.99690832953094699 1.00000000000000005E-004
1526.3562769700000 0.99679023216298890 1.00000000000000005E-004
1526.3628957599999 0.99666523142054053 1.00000000000000005E-004
1526.3695145800000 0.99653277818911645 1.00000000000000005E-004
1526.3761334200001 0.99639226753499521 1.00000000000000005E-004
1526.3827523000000 0.99624303173201334 1.00000000000000005E-004
1526.3893711999999 0.99608433242747374 1.00000000000000005E-004
1526.3959901400001 0.99591535143512211 1.00000000000000005E-004
1526.4026091000001 0.99573518018269513 1.00000000000000005E-004
1526.4092280899999 0.99554280724598598 1.00000000000000005E-004
1526.4158471100000 0.99533710406812692 1.00000000000000005E-004
1526.4224661600001 0.99511680857859264 1.00000000000000005E-004
1526.4290852300001 0.99488050543043005 1.00000000000000005E-004
1526.4357043400000 0.99462660307457795 1.00000000000000005E-004
1526.4423234700000 0.99435330705693870 1.00000000000000005E-004
1526.4489426299999 0.99405858761013155 1.00000000000000005E-004
1526.4555618300001 0.99374014195925531 1.00000000000000005E-004
1526.4621810500000 0.99339534954423747 1.00000000000000005E-004
1526.4688002900000 0.99302121647619113 1.00000000000000005E-004
1526.4754195700000 0.99261430974257436 1.00000000000000005E-004
1526.4820388799999 0.99217067898266198 1.00000000000000005E-004
1526.4886582100000 0.99168575897090216 1.00000000000000005E-004
1526.4952775800000 0.99115425024513082 1.00000000000000005E-004
1526.5018969700000 0.99056997332732566 1.00000000000000005E-004
1526.5085163900001 0.98992568606051412 1.00000000000000005E-004
1526.5151358400001 0.98921285592139552 1.00000000000000005E-004
1526.5217553200000 0.98842137414184006 1.00000000000000005E-004
1526.5283748200000 0.98753919044362004 1.00000000000000005E-004
1526.5349943599999 0.98655184596043144 1.00000000000000005E-004
1526.5416139199999 0.98544187026216046 1.00000000000000005E-004
1526.5482335199999 0.98418799229060061 1.00000000000000005E-004
1526.5548531400000 0.98276409854234925 1.00000000000000005E-004
1526.5614727899999 0.98113783808496746 1.00000000000000005E-004
1526.5680924700000 0.97926873433060035 1.00000000000000005E-004
1526.5747121800000 0.97710559250148421 1.00000000000000005E-004
1526.5813319100000 0.97458287324480652 1.00000000000000005E-004
1526.5879516800001 0.97161553885912189 1.00000000000000005E-004
1526.5945714699999 0.96809158032507225 1.00000000000000005E-004
1526.6011913000000 0.96386092562186032 1.00000000000000005E-004
1526.6078111500001 0.95871855024955299 1.00000000000000005E-004
1526.6144310300001 0.95237795232832800 1.00000000000000005E-004
1526.6210509400000 0.94442794393573803 1.00000000000000005E-004
1526.6276708700000 0.93425827605595402 1.00000000000000005E-004
1526.6342908399999 0.92091192402928357 1.00000000000000005E-004
1526.6409108299999 0.90265226363656825 1.00000000000000005E-004
1526.6475308600000 0.87518550716944965 1.00000000000000005E-004
1526.6541509100000 0.82590839367016256 1.00000000000000005E-004
1526.6607709899999 0.72699782030621907 1.00000000000000005E-004
1526.6673911000000 0.55231661784565589 1.00000000000000005E-004
1526.6740112400000 0.32895774290517921 1.00000000000000005E-004
1526.6806314099999 0.14075408961161170 1.00000000000000005E-004
1526.6872516000001 4.05306113731802031E-002 1.00000000000000005E-004
1526.6938718300000 7.51014918763854775E-003 1.00000000000000005E-004
1526.7004920800000 8.71639964557355219E-004 1.00000000000000005E-004
1526.7071123600001 1.30269696182228804E-004 1.00000000000000005E-004
1526.7137326699999 9.57825482434330696E-004 1.00000000000000005E-004
1526.7203530100001 8.10227120575635236E-003 1.00000000000000005E-004
1526.7269733799999 4.29400303998507399E-002 1.00000000000000005E-004
1526.7335937800001 0.14664979964820873 1.00000000000000005E-004
1526.7402142100000 0.33777980816913766 1.00000000000000005E-004
1526.7468346600001 0.56064519242584765 1.00000000000000005E-004
1526.7534551399999 0.73231141676354239 1.00000000000000005E-004
1526.7600756500001 0.82858533104631216 1.00000000000000005E-004
1526.7666961899999 0.87656368233423332 1.00000000000000005E-004
1526.7733167599999 0.90350679569202874 1.00000000000000005E-004
1526.7799373600001 0.92151694187302235 1.00000000000000005E-004
1526.7865579899999 0.93471144258589700 1.00000000000000005E-004
1526.7931786400000 0.94477754925631074 1.00000000000000005E-004
1526.7997993300000 0.95265358060000238 1.00000000000000005E-004
1526.8064200399999 0.95893975902565809 1.00000000000000005E-004
1526.8130407799999 0.96404115285173553 1.00000000000000005E-004
1526.8196615500001 0.96824033253552699 1.00000000000000005E-004
1526.8262823499999 0.97173970544739607 1.00000000000000005E-004
1526.8329031799999 0.97468754822111070 1.00000000000000005E-004
1526.8395240299999 0.97719461149772036 1.00000000000000005E-004
1526.8461449199999 0.97934503211842061 1.00000000000000005E-004
1526.8527658300000 0.98120369225532644 1.00000000000000005E-004
1526.8593867800000 0.98282129948868435 1.00000000000000005E-004
1526.8660077500001 0.98423796148329989 1.00000000000000005E-004
1526.8726287500001 0.98548574897683849 1.00000000000000005E-004
1526.8792497800000 0.98659055992182154 1.00000000000000005E-004
1526.8858708299999 0.98757349660288007 1.00000000000000005E-004
1526.8924919200001 0.98845189657090238 1.00000000000000005E-004
1526.8991130300001 0.98924011217505903 1.00000000000000005E-004
1526.9057341800001 0.98995010851301191 1.00000000000000005E-004
1526.9123553500001 0.99059192548510255 1.00000000000000005E-004
1526.9189765500000 0.99117403927581949 1.00000000000000005E-004
1526.9255977800001 0.99170364629943863 1.00000000000000005E-004
1526.9322190400001 0.99218688800560995 1.00000000000000005E-004
1526.9388403200001 0.99262903210297615 1.00000000000000005E-004
1526.9454616400001 0.99303461790786651 1.00000000000000005E-004
1526.9520829799999 0.99340757374922539 1.00000000000000005E-004
1526.9587043600000 0.99375131329775823 1.00000000000000005E-004
1526.9653257600000 0.99406881444799877 1.00000000000000005E-004
1526.9719471900000 0.99436268479429291 1.00000000000000005E-004
1526.9785686499999 0.99463521558562074 1.00000000000000005E-004
1526.9851901400000 0.99488842638203079 1.00000000000000005E-004
1526.9918116500000 0.99512410318657352 1.00000000000000005E-004
1526.9984331999999 0.99534383019431583 1.00000000000000005E-004
1527.0050547700000 0.99554901636703297 1.00000000000000005E-004
1527.0116763799999 0.99574091826281941 1.00000000000000005E-004
1527.0182980100001 0.99592065937001562 1.00000000000000005E-004
1527.0249196699999 0.99608924683647926 1.00000000000000005E-004
1527.0315413599999 0.99624758558766924 1.00000000000000005E-004
1527.0381630700001 0.99639649053286272 1.00000000000000005E-004
1527.0447848199999 0.99653669716608273 1.00000000000000005E-004
1527.0514065899999 0.99666887055858777 1.00000000000000005E-004
1527.0580284000000 0.99679361334014549 1.00000000000000005E-004
1527.0646502300001 0.99691147257890478 1.00000000000000005E-004
1527.0712720900001 0.99702294593701879 1.00000000000000005E-004
1527.0778939800000 0.99712848693150657 1.00000000000000005E-004
1527.0845159000000 0.99722850943881436 1.00000000000000005E-004
1527.0911378500000 0.99732339178533558 1.00000000000000005E-004
1527.0977598200000 0.99741348045086187 1.00000000000000005E-004
1527.1043818300000 0.99749909323004082 1.00000000000000005E-004
1527.1110038600000 0.99758052193271540 1.00000000000000005E-004
1527.1176259199999 0.99765803502601780 1.00000000000000005E-004
1527.1242480200001 0.99773187975931854 1.00000000000000005E-004
1527.1308701400001 0.99780228402441185 1.00000000000000005E-004
1527.1374922800001 0.99786945838329866 1.00000000000000005E-004
1527.1441144600001 0.99793359762594769 1.00000000000000005E-004
1527.1507366700000 0.99799488194432295 1.00000000000000005E-004
1527.1573589000000 0.99805347831244162 1.00000000000000005E-004
1527.1639811600000 0.99810954178368838 1.00000000000000005E-004
1527.1706034599999 0.99816321636418448 1.00000000000000005E-004
1527.1772257800001 0.99821463587661130 1.00000000000000005E-004
1527.1838481299999 0.99826392491984783 1.00000000000000005E-004
1527.1904704999999 0.99831119966480175 1.00000000000000005E-004
1527.1970929100000 0.99835656848830334 1.00000000000000005E-004
1527.2037153500000 0.99840013249794535 1.00000000000000005E-004
1527.2103378100001 0.99844198616301216 1.00000000000000005E-004
1527.2169603000000 0.99848221793292635 1.00000000000000005E-004
1527.2235828299999 0.99852091058972725 1.00000000000000005E-004
1527.2302053799999 0.99855814162181133 1.00000000000000005E-004
1527.2368279499999 0.99859398375478936 1.00000000000000005E-004
1527.2434505599999 0.99862850530084912 1.00000000000000005E-004
1527.2500732000001 0.99866177035840498 1.00000000000000005E-004
1527.2566958600000 0.99869383917432542 1.00000000000000005E-004
1527.2633185600000 0.99872476845500491 1.00000000000000005E-004
1527.2699412800000 0.99875461156158185 1.00000000000000005E-004
1527.2765640299999 0.99878341877975430 1.00000000000000005E-004
1527.2831868100000 0.99881123753330991 1.00000000000000005E-004
1527.2898096199999 0.99883811255039323 1.00000000000000005E-004
1527.2964324600000 0.99886408605104260 1.00000000000000005E-004
1527.3030553300000 0.99888919790547515 1.00000000000000005E-004
1527.3096782200000 0.99891348580860528 1.00000000000000005E-004
1527.3163011400000 0.99893698545297349 1.00000000000000005E-004
1527.3229240999999 0.99895973060631427 1.00000000000000005E-004
1527.3295470800001 0.99898175321153881 1.00000000000000005E-004
1527.3361700900000 0.99900308355557144 1.00000000000000005E-004
1527.3427931300000 0.99902375035908098 1.00000000000000005E-004
1527.3494161900001 0.99904378087008494 1.00000000000000005E-004
1527.3560392899999 0.99906320096051138 1.00000000000000005E-004
1527.3626624100000 0.99908203519138172 1.00000000000000005E-004
1527.3692855700001 0.99910030689697704 1.00000000000000005E-004
1527.3759087500000 0.99911803825304080 1.00000000000000005E-004
1527.3825319600001 0.99913525036309347 1.00000000000000005E-004
1527.3891552000000 0.99915196331963152 1.00000000000000005E-004
1527.3957784700001 0.99916819624307951 1.00000000000000005E-004
1527.4024017700001 0.99918396733800385 1.00000000000000005E-004
1527.4090250899999 0.99919929396236240 1.00000000000000005E-004
1527.4156484499999 0.99921419267306488 1.00000000000000005E-004
1527.4222718300000 0.99922867924938463 1.00000000000000005E-004
1527.4288952400000 0.99924276875590368 1.00000000000000005E-004
1527.4355186800001 0.99925647558293851 1.00000000000000005E-004
1527.4421421500001 0.99926981346870669 1.00000000000000005E-004
1527.4487656500000 0.99928279553770316 1.00000000000000005E-004
1527.4553891800001 0.99929543433026391 1.00000000000000005E-004
1527.4620127300000 0.99930774184601845 1.00000000000000005E-004
1527.4686363200001 0.99931972957015747 1.00000000000000005E-004
1527.4752599300000 0.99933140848324209 1.00000000000000005E-004
1527.4818835700000 0.99934278910342722 1.00000000000000005E-004
1527.4885072400000 0.99935388151125504 1.00000000000000005E-004
1527.4951309400001 0.99936469536030070 1.00000000000000005E-004
1527.5017546700001 0.99937523990090549 1.00000000000000005E-004
1527.5083784300000 0.99938552399665248 1.00000000000000005E-004
1527.5150022099999 0.99939555615158548 1.00000000000000005E-004
1527.5216260200000 0.99940534454085717 1.00000000000000005E-004
1527.5282498700001 0.99941489700526442 1.00000000000000005E-004
1527.5348737400000 0.99942422105801121 1.00000000000000005E-004
1527.5414976400000 0.99943332392392248 1.00000000000000005E-004
1527.5481215699999 0.99944221254962928 1.00000000000000005E-004
1527.5547455300000 0.99945089360325701 1.00000000000000005E-004
1527.5613695100001 0.99945937349884051 1.00000000000000005E-004
1527.5679935300000 0.99946765840826612 1.00000000000000005E-004
1527.5746175700001 0.99947575426219892 1.00000000000000005E-004
1527.5812416399999 0.99948366677476230 1.00000000000000005E-004
1527.5878657500000 0.99949140144416893 1.00000000000000005E-004
1527.5944898800001 0.99949896354940582 1.00000000000000005E-004
1527.6011140300000 0.99950635818659694 1.00000000000000005E-004
1527.6077382200001 0.99951359027660869 1.00000000000000005E-004
1527.6143624399999 0.99952066454723254 1.00000000000000005E-004
1527.6209866800000 0.99952758555392773 1.00000000000000005E-004
1527.6276109600001 0.99953435769522792 1.00000000000000005E-004
1527.6342352600000 0.99954098520777324 1.00000000000000005E-004
1527.6408595900000 0.99954747218153706 1.00000000000000005E-004
1527.6474839499999 0.99955382256634562 1.00000000000000005E-004
1527.6541083400000 0.99956004017073785 1.00000000000000005E-004
1527.6607327600000 0.99956612866804562 1.00000000000000005E-004
1527.6673572000000 0.99957209160873017 1.00000000000000005E-004
1527.6739816800000 0.99957793242476389 1.00000000000000005E-004
1527.6806061800000 0.99958365442624020 1.00000000000000005E-004
1527.6872307100000 0.99958926081430055 1.00000000000000005E-004
1527.6938552700001 0.99959475468616721 1.00000000000000005E-004
1527.7004798600001 0.99960013903363076 1.00000000000000005E-004
1527.7071044800000 0.99960541674863213 1.00000000000000005E-004
1527.7137291300000 0.99961059062598057 1.00000000000000005E-004
1527.7203538000001 0.99961566337241348 1.00000000000000005E-004
1527.7269785100000 0.99962063760927800 1.00000000000000005E-004
1527.7336032400001 0.99962551586888815 1.00000000000000005E-004
1527.7402279999999 0.99963030060478997 1.00000000000000005E-004
1527.7468527900000 0.99963499419533342 1.00000000000000005E-004
1527.7534776099999 0.99963959894168530 1.00000000000000005E-004
1527.7601024600001 0.99964411707193424 1.00000000000000005E-004
1527.7667273400000 0.99964855074278358 1.00000000000000005E-004
1527.7733522399999 0.99965290204671042 1.00000000000000005E-004
1527.7799771800001 0.99965717301370904 1.00000000000000005E-004
1527.7866021400000 0.99966136560762531 1.00000000000000005E-004
1527.7932271300001 0.99966548173445735 1.00000000000000005E-004
1527.7998521500001 0.99966952324494363 1.00000000000000005E-004
1527.8064772000000 0.99967349193239674 1.00000000000000005E-004
1527.8131022800001 0.99967738953579111 1.00000000000000005E-004
1527.8197273900000 0.99968121774079854 1.00000000000000005E-004
1527.8263525200000 0.99968497818556579 1.00000000000000005E-004
1527.8329776900000 0.99968867246185023 1.00000000000000005E-004
1527.8396028800000 0.99969230211148519 1.00000000000000005E-004
1527.8462281000000 0.99969586863321325 1.00000000000000005E-004
1527.8528533500000 0.99969937348460303 1.00000000000000005E-004
1527.8594786300000 0.99970281807986339 1.00000000000000005E-004
1527.8661039399999 0.99970620379221176 1.00000000000000005E-004
1527.8727292799999 0.99970953195449030 1.00000000000000005E-004
1527.8793546400000 0.99971280386391181 1.00000000000000005E-004
1527.8859800400000 0.99971602078279354 1.00000000000000005E-004
1527.8926054599999 0.99971918393524928 1.00000000000000005E-004
1527.8992309099999 0.99972229451293548 1.00000000000000005E-004
1527.9058563900001 0.99972535367638993 1.00000000000000005E-004
1527.9124819000001 0.99972836255264075 1.00000000000000005E-004
1527.9191074400001 0.99973132223634342 1.00000000000000005E-004
1527.9257330000000 0.99973423379407478 1.00000000000000005E-004
1527.9323586000000 0.99973709826499946 1.00000000000000005E-004
1527.9389842200001 0.99973991665810646 1.00000000000000005E-004
1527.9456098700000 0.99974268995810267 1.00000000000000005E-004
1527.9522355600000 0.99974541912329673 1.00000000000000005E-004
1527.9588612699999 0.99974810508242096 1.00000000000000005E-004
1527.9654870100001 0.99975074874107905 1.00000000000000005E-004
1527.9721127700000 0.99975335098442386 1.00000000000000005E-004
1527.9787385699999 0.99975591267486452 1.00000000000000005E-004
1527.9853643900001 1.0000000000000000 1.00000000000000005E-004
1527.9919902500001 1.0000000000000000 1.00000000000000005E-004
1527.9986161300001 1.0000000000000000 1.00000000000000005E-004
1528.0052420400000 1.0000000000000000 1.00000000000000005E-004
1528.0118679800000 1.0000000000000000 1.00000000000000005E-004
1528.0184939500000 1.0000000000000000 1.00000000000000005E-004
1528.0251199500001 1.0000000000000000 1.00000000000000005E-004
1528.0317459700000 1.0000000000000000 1.00000000000000005E-004
1528.0383720299999 1.0000000000000000 1.00000000000000005E-004
1528.0449981100001 1.0000000000000000 1.00000000000000005E-004
1528.0516242199999 1.0000000000000000 1.00000000000000005E-004
1528.0582503700000 1.0000000000000000 1.00000000000000005E-004
1528.0648765300000 1.0000000000000000 1.00000000000000005E-004
1528.0715027300000 1.0000000000000000 1.00000000000000005E-004
1528.0781289600000 1.0000000000000000 1.00000000000000005E-004
1528.0847552200000 1.0000000000000000 1.00000000000000005E-004
1528.0913814999999 1.0000000000000000 1.00000000000000005E-004
1528.0980078099999 1.0000000000000000 1.00000000000000005E-004
1528.1046341599999 1.0000000000000000 1.00000000000000005E-004
1528.1112605300000 1.0000000000000000 1.00000000000000005E-004
