1806.3541477399999 1.0000000000000000 1.00000000000000005E-004
1806.3619806900001 1.0000000000000000 1.00000000000000005E-004
1806.3698136800001 1.0000000000000000 1.00000000000000005E-004
1806.3776467000000 1.0000000000000000 1.00000000000000005E-004
1806.3854797500001 1.0000000000000000 1.00000000000000005E-004
1806.3933128399999 1.0000000000000000 1.00000000000000005E-004
1806.4011459700000 1.0000000000000000 1.00000000000000005E-004
1806.4089791199999 1.0000000000000000 1.00000000000000005E-004
1806.4168123100001 1.0000000000000000 1.00000000000000005E-004
1806.4246455400000 1.0000000000000000 1.00000000000000005E-004
1806.4324787999999 1.0000000000000000 1.00000000000000005E-004
1806.4403120899999 1.0000000000000000 1.00000000000000005E-004
1806.4481454199999 1.0000000000000000 1.00000000000000005E-004
1806.4559787799999 1.0000000000000000 1.00000000000000005E-004
1806.4638121800001 1.0000000000000000 1.00000000000000005E-004
1806.4716456000001 1.0000000000000000 1.00000000000000005E-004
1806.4794790700000 1.0000000000000000 1.00000000000000005E-004
1806.4873125700001 1.0000000000000000 1.00000000000000005E-004
1806.4951461000001 1.0000000000000000 1.00000000000000005E-004
1806.5029796599999 1.0000000000000000 1.00000000000000005E-004
1806.5108132600001 1.0000000000000000 1.00000000000000005E-004
1806.5186468899999 1.0000000000000000 1.00000000000000005E-004
1806.5264805600000 1.0000000000000000 1.00000000000000005E-004
1806.5343142600000 1.0000000000000000 1.00000000000000005E-004
1806.5421480000000 1.0000000000000000 1.00000000000000005E-004
1806.5499817600000 1.0000000000000000 1.00000000000000005E-004
1806.5578155700000 1.0000000000000000 1.00000000000000005E-004
1806.5656494000000 1.0000000000000000 1.00000000000000005E-004
1806.5734832700000 1.0000000000000000 1.00000000000000005E-004
1806.5813171800000 1.0000000000000000 1.00000000000000005E-004
1806.5891511200000 1.0000000000000000 1.00000000000000005E-004
1806.5969850900001 1.0000000000000000 1.00000000000000005E-004
1806.6048191000000 1.0000000000000000 1.00000000000000005E-004
1806.6126531400000 1.0000000000000000 1.00000000000000005E-004
1806.6204872100000 1.0000000000000000 1.00000000000000005E-004
1806.6283213199999 1.0000000000000000 1.00000000000000005E-004
1806.6361554600001 1.0000000000000000 1.00000000000000005E-004
1806.6439896400000 1.0000000000000000 1.00000000000000005E-004
1806.6518238500000 1.0000000000000000 1.00000000000000005E-004
1806.6596580900000 1.0000000000000000 1.00000000000000005E-004
1806.6674923700000 1.0000000000000000 1.00000000000000005E-004
1806.6753266799999 1.0000000000000000 1.00000000000000005E-004
1806.6831610300001 1.0000000000000000 1.00000000000000005E-004
1806.6909954099999 1.0000000000000000 1.00000000000000005E-004
1806.6988298199999 1.0000000000000000 1.00000000000000005E-004
1806.7066642699999 1.0000000000000000 1.00000000000000005E-004
1806.7144987600000 1.0000000000000000 1.00000000000000005E-004
1806.7223332700000 1.0000000000000000 1.00000000000000005E-004
1806.7301678199999 1.0000000000000000 1.00000000000000005E-004
1806.7380024100000 1.0000000000000000 1.00000000000000005E-004
1806.7458370200000 1.0000000000000000 1.00000000000000005E-004
1806.7536716800000 1.0000000000000000 1.00000000000000005E-004
1806.7615063600001 1.0000000000000000 1.00000000000000005E-004
1806.7693410800000 1.0000000000000000 1.00000000000000005E-004
1806.7771758399999 1.0000000000000000 1.00000000000000005E-004
1806.7850106200001 1.0000000000000000 1.00000000000000005E-004
1806.7928454500000 1.0000000000000000 1.00000000000000005E-004
1806.8006803000001 1.0000000000000000 1.00000000000000005E-004
1806.8085151900000 1.0000000000000000 1.00000000000000005E-004
1806.8163501100000 1.0000000000000000 1.00000000000000005E-004
1806.8241850700001 1.0000000000000000 1.00000000000000005E-004
1806.8320200600001 1.0000000000000000 1.00000000000000005E-004
1806.8398550899999 1.0000000000000000 1.00000000000000005E-004
1806.8476901500001 1.0000000000000000 1.00000000000000005E-004
1806.8555252399999 1.0000000000000000 1.00000000000000005E-004
1806.8633603700000 1.0000000000000000 1.00000000000000005E-004
1806.8711955300000 1.0000000000000000 1.00000000000000005E-004
1806.8790307300001 1.0000000000000000 1.00000000000000005E-004
1806.8868659600000 1.0000000000000000 1.00000000000000005E-004
1806.8947012199999 1.0000000000000000 1.00000000000000005E-004
1806.9025365200000 1.0000000000000000 1.00000000000000005E-004
1806.9103718500000 1.0000000000000000 1.00000000000000005E-004
1806.9182072200001 1.0000000000000000 1.00000000000000005E-004
1806.9260426200001 1.0000000000000000 1.00000000000000005E-004
1806.9338780500000 1.0000000000000000 1.00000000000000005E-004
1806.9417135199999 1.0000000000000000 1.00000000000000005E-004
1806.9495490199999 1.0000000000000000 1.00000000000000005E-004
1806.9573845499999 1.0000000000000000 1.00000000000000005E-004
1806.9652201199999 1.0000000000000000 1.00000000000000005E-004
1806.9730557299999 1.0000000000000000 1.00000000000000005E-004
1806.9808913600000 1.0000000000000000 1.00000000000000005E-004
1806.9887270300001 1.0000000000000000 1.00000000000000005E-004
1806.9965627399999 1.0000000000000000 1.00000000000000005E-004
1807.0043984800000 1.0000000000000000 1.00000000000000005E-004
1807.0122342499999 1.0000000000000000 1.00000000000000005E-004
1807.0200700600001 1.0000000000000000 1.00000000000000005E-004
1807.0279059000000 1.0000000000000000 1.00000000000000005E-004
1807.0357417800001 1.0000000000000000 1.00000000000000005E-004
1807.0435776899999 1.0000000000000000 1.00000000000000005E-004
1807.0514136300001 1.0000000000000000 1.00000000000000005E-004
1807.0592496100001 1.0000000000000000 1.00000000000000005E-004
1807.0670856199999 1.0000000000000000 1.00000000000000005E-004
1807.0749216600000 1.0000000000000000 1.00000000000000005E-004
1807.0827577400000 1.0000000000000000 1.00000000000000005E-004
1807.0905938500000 1.0000000000000000 1.00000000000000005E-004
1807.0984300000000 1.0000000000000000 1.00000000000000005E-004
1807.1062661799999 1.0000000000000000 1.00000000000000005E-004
1807.1141024000001 1.0000000000000000 1.00000000000000005E-004
1807.1219386499999 1.0000000000000000 1.00000000000000005E-004
1807.1297749299999 1.0000000000000000 1.00000000000000005E-004
1807.1376112500000 1.0000000000000000 1.00000000000000005E-004
1807.1454475999999 1.0000000000000000 1.00000000000000005E-004
1807.1532839800000 1.0000000000000000 1.00000000000000005E-004
1807.1611204000001 1.0000000000000000 1.00000000000000005E-004
1807.1689568500001 1.0000000000000000 1.00000000000000005E-004
1807.1767933399999 1.0000000000000000 1.00000000000000005E-004
1807.1846298600001 1.0000000000000000 1.00000000000000005E-004
1807.1924664200001 1.0000000000000000 1.00000000000000005E-004
1807.2003030000001 1.0000000000000000 1.00000000000000005E-004
1807.2081396300000 1.0000000000000000 1.00000000000000005E-004
1807.2159762799999 1.0000000000000000 1.00000000000000005E-004
1807.2238129699999 1.0000000000000000 1.00000000000000005E-004
1807.2316496999999 1.0000000000000000 1.00000000000000005E-004
1807.2394864600001 1.0000000000000000 1.00000000000000005E-004
1807.2473232499999 1.0000000000000000 1.00000000000000005E-004
1807.2551600800000 1.0000000000000000 1.00000000000000005E-004
1807.2629969400000 1.0000000000000000 1.00000000000000005E-004
1807.2708338299999 1.0000000000000000 1.00000000000000005E-004
1807.2786707600001 1.0000000000000000 1.00000000000000005E-004
1807.2865077199999 1.0000000000000000 1.00000000000000005E-004
1807.2943447200000 1.0000000000000000 1.00000000000000005E-004
1807.3021817500000 1.0000000000000000 1.00000000000000005E-004
1807.3100188100000 1.0000000000000000 1.00000000000000005E-004
1807.3178559099999 1.0000000000000000 1.00000000000000005E-004
1807.3256930499999 1.0000000000000000 1.00000000000000005E-004
1807.3335302099999 1.0000000000000000 1.00000000000000005E-004
1807.3413674100000 1.0000000000000000 1.00000000000000005E-004
1807.3492046500000 1.0000000000000000 1.00000000000000005E-004
1807.3570419200000 1.0000000000000000 1.00000000000000005E-004
1807.3648792199999 1.0000000000000000 1.00000000000000005E-004
1807.3727165500000 1.0000000000000000 1.00000000000000005E-004
1807.3805539200000 1.0000000000000000 1.00000000000000005E-004
1807.3883913300001 1.0000000000000000 1.00000000000000005E-004
1807.3962287700001 1.0000000000000000 1.00000000000000005E-004
1807.4040662400000 1.0000000000000000 1.00000000000000005E-004
1807.4119037500000 1.0000000000000000 1.00000000000000005E-004
1807.4197412900000 1.0000000000000000 1.00000000000000005E-004
1807.4275788600000 1.0000000000000000 1.00000000000000005E-004
1807.4354164700001 1.0000000000000000 1.00000000000000005E-004
1807.4432541100000 1.0000000000000000 1.00000000000000005E-004
1807.4510917900000 1.0000000000000000 1.00000000000000005E-004
1807.4589295000001 1.0000000000000000 1.00000000000000005E-004
1807.4667672400001 1.0000000000000000 1.00000000000000005E-004
1807.4746050199999 1.0000000000000000 1.00000000000000005E-004
1807.4824428300001 1.0000000000000000 1.00000000000000005E-004
1807.4902806800001 1.0000000000000000 1.00000000000000005E-004
1807.4981185600000 1.0000000000000000 1.00000000000000005E-004
1807.5059564700000 1.0000000000000000 1.00000000000000005E-004
1807.5137944200001 1.0000000000000000 1.00000000000000005E-004
1807.5216324000000 1.0000000000000000 1.00000000000000005E-004
1807.5294704200001 1.0000000000000000 1.00000000000000005E-004
1807.5373084700000 1.0000000000000000 1.00000000000000005E-004
1807.5451465500000 1.0000000000000000 1.00000000000000005E-004
1807.5529846699999 1.0000000000000000 1.00000000000000005E-004
1807.5608228200001 1.0000000000000000 1.00000000000000005E-004
1807.5686610099999 1.0000000000000000 1.00000000000000005E-004
1807.5764992300001 1.0000000000000000 1.00000000000000005E-004
1807.5843374799999 1.0000000000000000 1.00000000000000005E-004
1807.5921757700000 1.0000000000000000 1.00000000000000005E-004
1807.6000140900001 1.0000000000000000 1.00000000000000005E-004
1807.6078524500001 1.0000000000000000 1.00000000000000005E-004
1807.6156908400001 1.0000000000000000 1.00000000000000005E-004
1807.6235292599999 1.0000000000000000 1.00000000000000005E-004
1807.6313677200001 1.0000000000000000 1.00000000000000005E-004
1807.6392062100001 1.0000000000000000 1.00000000000000005E-004
1807.6470447400000 1.0000000000000000 1.00000000000000005E-004
1807.6548832999999 1.0000000000000000 1.00000000000000005E-004
1807.6627218900001 1.0000000000000000 1.00000000000000005E-004
1807.6705605200000 1.0000000000000000 1.00000000000000005E-004
1807.6783991800000 1.0000000000000000 1.00000000000000005E-004
1807.6862378799999 1.0000000000000000 1.00000000000000005E-004
1807.6940766099999 1.0000000000000000 1.00000000000000005E-004
1807.7019153700001 1.0000000000000000 1.00000000000000005E-004
1807.7097541700000 1.0000000000000000 1.00000000000000005E-004
1807.7175930000001 1.0000000000000000 1.00000000000000005E-004
1807.7254318700000 1.0000000000000000 1.00000000000000005E-004
1807.7332707700000 1.0000000000000000 1.00000000000000005E-004
1807.7411096999999 1.0000000000000000 1.00000000000000005E-004
1807.7489486699999 1.0000000000000000 1.00000000000000005E-004
1807.7567876700000 1.0000000000000000 1.00000000000000005E-004
1807.7646267099999 1.0000000000000000 1.00000000000000005E-004
1807.7724657799999 1.0000000000000000 1.00000000000000005E-004
1807.7803048799999 1.0000000000000000 1.00000000000000005E-004
1807.7881440199999 1.0000000000000000 1.00000000000000005E-004
1807.7959831900000 0.99999999999999867 1.00000000000000005E-004
1807.8038223999999 0.99999999999986611 1.00000000000000005E-004
1807.8116616400000 0.99999999999433087 1.00000000000000005E-004
1807.8195009100000 0.99999999986191146 1.00000000000000005E-004
1807.8273402200000 0.99999999803050665 1.00000000000000005E-004
1807.8351795599999 0.99999998330000506 1.00000000000000005E-004
1807.8430189400001 0.99999991390416620 1.00000000000000005E-004
1807.8508583500000 0.99999972050753849 1.00000000000000005E-004
1807.8586977900000 0.99999939564893969 1.00000000000000005E-004
1807.8665372700000 0.99999905059444982 1.00000000000000005E-004
1807.8743767799999 0.99999878399845021 1.00000000000000005E-004
1807.8822163299999 0.99999857852911700 1.00000000000000005E-004
1807.8900559100000 0.99999837325040031 1.00000000000000005E-004
1807.8978955200000 0.99999813031241591 1.00000000000000005E-004
1807.9057351700001 0.99999782824877992 1.00000000000000005E-004
1807.9135748500000 0.99999744122791023 1.00000000000000005E-004
1807.9214145599999 0.99999685773817548 1.00000000000000005E-004
1807.9292543100000 0.99999446914859147 1.00000000000000005E-004
1807.9370941000000 0.99996730880509577 1.00000000000000005E-004
1807.9449339200000 0.99967255037501312 1.00000000000000005E-004
1807.9527737700000 0.99731315366454776 1.00000000000000005E-004
1807.9606136499999 0.98401700664636915 1.00000000000000005E-004
1807.9684535700001 0.93256797780032474 1.00000000000000005E-004
1807.9762935300000 0.79860233643325595 1.00000000000000005E-004
1807.9841335100000 0.56773468660120219 1.00000000000000005E-004
1807.9919735399999 0.30795625491352568 1.00000000000000005E-004
1807.9998135900000 0.11940636680400996 1.00000000000000005E-004
1808.0076536800000 3.41010638439167083E-002 1.00000000000000005E-004
1808.0154938000001 2.38106888600548156E-002 1.00000000000000005E-004
1808.0233339599999 8.06933060797932894E-002 1.00000000000000005E-004
1808.0311741500000 0.23435318109355621 1.00000000000000005E-004
1808.0390143800000 0.48011188782611569 1.00000000000000005E-004
1808.0468546400000 0.73209364065569416 1.00000000000000005E-004
1808.0546949300001 0.89995266348571590 1.00000000000000005E-004
1808.0625352600000 0.97351629876890555 1.00000000000000005E-004
1808.0703756200000 0.99504956527628508 1.00000000000000005E-004
1808.0782160199999 0.99933801618061802 1.00000000000000005E-004
1808.0860564499999 0.99993227038932198 1.00000000000000005E-004
1808.0938969100000 0.99999155780572369 1.00000000000000005E-004
1808.1017374099999 0.99999646864253044 1.00000000000000005E-004
1808.1095779400000 0.99999724812608648 1.00000000000000005E-004
1808.1174185100001 0.99999768299666947 1.00000000000000005E-004
1808.1252591099999 0.99999801542033129 1.00000000000000005E-004
1808.1330997400000 0.99999828006565739 1.00000000000000005E-004
1808.1409404100000 0.99999849792708406 1.00000000000000005E-004
1808.1487811100001 0.99999869861051893 1.00000000000000005E-004
1808.1566218400001 0.99999893778103899 1.00000000000000005E-004
1808.1644626100001 0.99999926143110585 1.00000000000000005E-004
1808.1723034199999 0.99999961182950348 1.00000000000000005E-004
1808.1801442599999 0.99999986028846277 1.00000000000000005E-004
1808.1879851300000 0.99999996777733957 1.00000000000000005E-004
1808.1958260300000 0.99999999543172347 1.00000000000000005E-004
1808.2036669700001 0.99999999961219577 1.00000000000000005E-004
1808.2115079499999 0.99999999998062639 1.00000000000000005E-004
1808.2193489500000 0.99999999999943834 1.00000000000000005E-004
1808.2271900000001 0.99999999999999145 1.00000000000000005E-004
1808.2350310700001 1.0000000000000000 1.00000000000000005E-004
1808.2428721799999 1.0000000000000000 1.00000000000000005E-004
1808.2507133199999 1.0000000000000000 1.00000000000000005E-004
1808.2585544999999 1.0000000000000000 1.00000000000000005E-004
1808.2663957100001 1.0000000000000000 1.00000000000000005E-004
1808.2742369600001 1.0000000000000000 1.00000000000000005E-004
1808.2820782399999 1.0000000000000000 1.00000000000000005E-004
1808.2899195499999 1.0000000000000000 1.00000000000000005E-004
1808.2977609000000 1.0000000000000000 1.00000000000000005E-004
1808.3056022799999 1.0000000000000000 1.00000000000000005E-004
1808.3134437000001 1.0000000000000000 1.00000000000000005E-004
1808.3212851500000 1.0000000000000000 1.00000000000000005E-004
1808.3291266300000 1.0000000000000000 1.00000000000000005E-004
1808.3369681500001 1.0000000000000000 1.00000000000000005E-004
1808.3448097000000 1.0000000000000000 1.00000000000000005E-004
1808.3526512900000 1.0000000000000000 1.00000000000000005E-004
1808.3604929099999 1.0000000000000000 1.00000000000000005E-004
1808.3683345600000 1.0000000000000000 1.00000000000000005E-004
1808.3761762500001 1.0000000000000000 1.00000000000000005E-004
1808.3840179700001 1.0000000000000000 1.00000000000000005E-004
1808.3918597300001 1.0000000000000000 1.00000000000000005E-004
1808.3997015100001 1.0000000000000000 1.00000000000000005E-004
1808.4075433400001 1.0000000000000000 1.00000000000000005E-004
1808.4153851999999 1.0000000000000000 1.00000000000000005E-004
1808.4232270900000 1.0000000000000000 1.00000000000000005E-004
1808.4310690100001 1.0000000000000000 1.00000000000000005E-004
1808.4389109700001 1.0000000000000000 1.00000000000000005E-004
1808.4467529700000 1.0000000000000000 1.00000000000000005E-004
1808.4545949999999 1.0000000000000000 1.00000000000000005E-004
1808.4624370600000 1.0000000000000000 1.00000000000000005E-004
1808.4702791499999 1.0000000000000000 1.00000000000000005E-004
1808.4781212800001 1.0000000000000000 1.00000000000000005E-004
1808.4859634500001 1.0000000000000000 1.00000000000000005E-004
1808.4938056399999 1.0000000000000000 1.00000000000000005E-004
1808.5016478800001 1.0000000000000000 1.00000000000000005E-004
1808.5094901400000 1.0000000000000000 1.00000000000000005E-004
1808.5173324400000 1.0000000000000000 1.00000000000000005E-004
1808.5251747800000 1.0000000000000000 1.00000000000000005E-004
1808.5330171400001 1.0000000000000000 1.00000000000000005E-004
1808.5408595399999 1.0000000000000000 1.00000000000000005E-004
1808.5487019800000 1.0000000000000000 1.00000000000000005E-004
1808.5565444500000 1.0000000000000000 1.00000000000000005E-004
1808.5643869500000 1.0000000000000000 1.00000000000000005E-004
1808.5722294899999 1.0000000000000000 1.00000000000000005E-004
1808.5800720600000 1.0000000000000000 1.00000000000000005E-004
1808.5879146699999 1.0000000000000000 1.00000000000000005E-004
1808.5957573100000 1.0000000000000000 1.00000000000000005E-004
1808.6035999799999 1.0000000000000000 1.00000000000000005E-004
1808.6114426900001 1.0000000000000000 1.00000000000000005E-004
1808.6192854300000 1.0000000000000000 1.00000000000000005E-004
1808.6271282099999 1.0000000000000000 1.00000000000000005E-004
1808.6349710200000 1.0000000000000000 1.00000000000000005E-004
1808.6428138599999 1.0000000000000000 1.00000000000000005E-004
1808.6506567399999 1.0000000000000000 1.00000000000000005E-004
1808.6584996500001 1.0000000000000000 1.00000000000000005E-004
1808.6663426000000 1.0000000000000000 1.00000000000000005E-004
1808.6741855800001 1.0000000000000000 1.00000000000000005E-004
1808.6820285900001 1.0000000000000000 1.00000000000000005E-004
1808.6898716400001 1.0000000000000000 1.00000000000000005E-004
1808.6977147200000 1.0000000000000000 1.00000000000000005E-004
1808.7055578400000 1.0000000000000000 1.00000000000000005E-004
1808.7134009900001 1.0000000000000000 1.00000000000000005E-004
1808.7212441700001 1.0000000000000000 1.00000000000000005E-004
1808.7290873899999 1.0000000000000000 1.00000000000000005E-004
1808.7369306400001 1.0000000000000000 1.00000000000000005E-004
1808.7447739300001 1.0000000000000000 1.00000000000000005E-004
1808.7526172500000 1.0000000000000000 1.00000000000000005E-004
1808.7604606000000 1.0000000000000000 1.00000000000000005E-004
1808.7683039900000 1.0000000000000000 1.00000000000000005E-004
1808.7761474100000 1.0000000000000000 1.00000000000000005E-004
1808.7839908700000 1.0000000000000000 1.00000000000000005E-004
1808.7918343599999 1.0000000000000000 1.00000000000000005E-004
1808.7996778800000 1.0000000000000000 1.00000000000000005E-004
1808.8075214400001 1.0000000000000000 1.00000000000000005E-004
1808.8153650300001 1.0000000000000000 1.00000000000000005E-004
1808.8232086600001 1.0000000000000000 1.00000000000000005E-004
1808.8310523200000 1.0000000000000000 1.00000000000000005E-004
1808.8388960200000 1.0000000000000000 1.00000000000000005E-004
1808.8467397400000 1.0000000000000000 1.00000000000000005E-004
1808.8545835100001 1.0000000000000000 1.00000000000000005E-004
1808.8624273000000 1.0000000000000000 1.00000000000000005E-004
1808.8702711300000 1.0000000000000000 1.00000000000000005E-004
1808.8781150000000 1.0000000000000000 1.00000000000000005E-004
1808.8859588900000 1.0000000000000000 1.00000000000000005E-004
1808.8938028299999 1.0000000000000000 1.00000000000000005E-004
1808.9016467900001 1.0000000000000000 1.00000000000000005E-004
1808.9094907900001 1.0000000000000000 1.00000000000000005E-004
1808.9173348300001 1.0000000000000000 1.00000000000000005E-004
1808.9251789000000 1.0000000000000000 1.00000000000000005E-004
1808.9330230000000 1.0000000000000000 1.00000000000000005E-004
1808.9408671399999 1.0000000000000000 1.00000000000000005E-004
1808.9487113099999 1.0000000000000000 1.00000000000000005E-004
1808.9565555100000 1.0000000000000000 1.00000000000000005E-004
1808.9643997500000 1.0000000000000000 1.00000000000000005E-004
1808.9722440200001 1.0000000000000000 1.00000000000000005E-004
1808.9800883299999 1.0000000000000000 1.00000000000000005E-004
1808.9879326700000 1.0000000000000000 1.00000000000000005E-004
1808.9957770399999 1.0000000000000000 1.00000000000000005E-004
1809.0036214500001 1.0000000000000000 1.00000000000000005E-004
1809.0114658900000 1.0000000000000000 1.00000000000000005E-004
1809.0193103700001 1.0000000000000000 1.00000000000000005E-004
1809.0271548799999 1.0000000000000000 1.00000000000000005E-004
1809.0349994300000 1.0000000000000000 1.00000000000000005E-004
1809.0428440000001 1.0000000000000000 1.00000000000000005E-004
1809.0506886200001 1.0000000000000000 1.00000000000000005E-004
1809.0585332600001 1.0000000000000000 1.00000000000000005E-004
1809.0663779399999 1.0000000000000000 1.00000000000000005E-004
1809.0742226600000 1.0000000000000000 1.00000000000000005E-004
1809.0820674100000 1.0000000000000000 1.00000000000000005E-004
1809.0899121899999 1.0000000000000000 1.00000000000000005E-004
1809.0977570099999 1.0000000000000000 1.00000000000000005E-004
1809.1056018600000 1.0000000000000000 1.00000000000000005E-004
1809.1134467400000 1.0000000000000000 1.00000000000000005E-004
1809.1212916600000 1.0000000000000000 1.00000000000000005E-004
1809.1291366099999 1.0000000000000000 1.00000000000000005E-004
1809.1369815999999 1.0000000000000000 1.00000000000000005E-004
1809.1448266200000 1.0000000000000000 1.00000000000000005E-004
1809.1526716799999 1.0000000000000000 1.00000000000000005E-004
1809.1605167600001 1.0000000000000000 1.00000000000000005E-004
1809.1683618899999 1.0000000000000000 1.00000000000000005E-004
1809.1762070400000 1.0000000000000000 1.00000000000000005E-004
1809.1840522400000 1.0000000000000000 1.00000000000000005E-004
1809.1918974600001 1.0000000000000000 1.00000000000000005E-004
1809.1997427199999 1.0000000000000000 1.00000000000000005E-004
1809.2075880100001 1.0000000000000000 1.00000000000000005E-004
1809.2154333399999 1.0000000000000000 1.00000000000000005E-004
1809.2232787000000 1.0000000000000000 1.00000000000000005E-004
1809.2311241000000 1.0000000000000000 1.00000000000000005E-004
1809.2389695200000 1.0000000000000000 1.00000000000000005E-004
1809.2468149900001 1.0000000000000000 1.00000000000000005E-004
1809.2546604800000 1.0000000000000000 1.00000000000000005E-004
1809.2625060200000 1.0000000000000000 1.00000000000000005E-004
1809.2703515799999 1.0000000000000000 1.00000000000000005E-004
1809.2781971800000 1.0000000000000000 1.00000000000000005E-004
1809.2860428100000 1.0000000000000000 1.00000000000000005E-004
1809.2938884800001 1.0000000000000000 1.00000000000000005E-004
1809.3017341800000 1.0000000000000000 1.00000000000000005E-004
1809.3095799200000 1.0000000000000000 1.00000000000000005E-004
1809.3174256899999 1.0000000000000000 1.00000000000000005E-004
1809.3252714900000 1.0000000000000000 1.00000000000000005E-004
1809.3331173300001 1.0000000000000000 1.00000000000000005E-004
1809.3409632000000 1.0000000000000000 1.00000000000000005E-004
1809.3488090999999 1.0000000000000000 1.00000000000000005E-004
1809.3566550400001 1.0000000000000000 1.00000000000000005E-004
1809.3645010200000 1.0000000000000000 1.00000000000000005E-004
1809.3723470200000 1.0000000000000000 1.00000000000000005E-004
1809.3801930699999 1.0000000000000000 1.00000000000000005E-004
1809.3880391400000 1.0000000000000000 1.00000000000000005E-004
1809.3958852500000 1.0000000000000000 1.00000000000000005E-004
1809.4037313900001 1.0000000000000000 1.00000000000000005E-004
1809.4115775700000 1.0000000000000000 1.00000000000000005E-004
1809.4194237800000 1.0000000000000000 1.00000000000000005E-004
1809.4272700300000 1.0000000000000000 1.00000000000000005E-004
1809.4351163100000 1.0000000000000000 1.00000000000000005E-004
1809.4429626199999 1.0000000000000000 1.00000000000000005E-004
1809.4508089700000 1.0000000000000000 1.00000000000000005E-004
1809.4586553500001 1.0000000000000000 1.00000000000000005E-004
1809.4665017699999 1.0000000000000000 1.00000000000000005E-004
1809.4743482199999 1.0000000000000000 1.00000000000000005E-004
1809.4821947000000 1.0000000000000000 1.00000000000000005E-004
1809.4900412200000 1.0000000000000000 1.00000000000000005E-004
1809.4978877700000 1.0000000000000000 1.00000000000000005E-004
1809.5057343599999 1.0000000000000000 1.00000000000000005E-004
1809.5135809799999 1.0000000000000000 1.00000000000000005E-004
1809.5214276300001 1.0000000000000000 1.00000000000000005E-004
1809.5292743200000 1.0000000000000000 1.00000000000000005E-004
1809.5371210400001 1.0000000000000000 1.00000000000000005E-004
1809.5449678000000 1.0000000000000000 1.00000000000000005E-004
1809.5528145900000 1.0000000000000000 1.00000000000000005E-004
1809.5606614100000 1.0000000000000000 1.00000000000000005E-004
1809.5685082699999 1.0000000000000000 1.00000000000000005E-004
1809.5763551600000 1.0000000000000000 1.00000000000000005E-004
1809.5842020900000 1.0000000000000000 1.00000000000000005E-004
1809.5920490500000 1.0000000000000000 1.00000000000000005E-004
1809.5998960400000 1.0000000000000000 1.00000000000000005E-004
1809.6077430700000 1.0000000000000000 1.00000000000000005E-004
1809.6155901300001 1.0000000000000000 1.00000000000000005E-004
1809.6234372300000 1.0000000000000000 1.00000000000000005E-004
1809.6312843600001 1.0000000000000000 1.00000000000000005E-004
1809.6391315200001 1.0000000000000000 1.00000000000000005E-004
1809.6469787200001 1.0000000000000000 1.00000000000000005E-004
1809.6548259500000 1.0000000000000000 1.00000000000000005E-004
1809.6626732200000 1.0000000000000000 1.00000000000000005E-004
1809.6705205200001 1.0000000000000000 1.00000000000000005E-004
