1401.4837750400000 1.0000000000000000 1.00000000000000005E-004
1401.4898523400000 1.0000000000000000 1.00000000000000005E-004
1401.4959296600000 1.0000000000000000 1.00000000000000005E-004
1401.5020070200001 1.0000000000000000 1.00000000000000005E-004
1401.5080843999999 1.0000000000000000 1.00000000000000005E-004
1401.5141618000000 1.0000000000000000 1.00000000000000005E-004
1401.5202392399999 1.0000000000000000 1.00000000000000005E-004
1401.5263166899999 1.0000000000000000 1.00000000000000005E-004
1401.5323941800000 1.0000000000000000 1.00000000000000005E-004
1401.5384716900001 1.0000000000000000 1.00000000000000005E-004
1401.5445492300000 1.0000000000000000 1.00000000000000005E-004
1401.5506267900000 1.0000000000000000 1.00000000000000005E-004
1401.5567043799999 1.0000000000000000 1.00000000000000005E-004
1401.5627820000000 1.0000000000000000 1.00000000000000005E-004
1401.5688596400000 1.0000000000000000 1.00000000000000005E-004
1401.5749373100000 1.0000000000000000 1.00000000000000005E-004
1401.5810150100001 1.0000000000000000 1.00000000000000005E-004
1401.5870927300000 1.0000000000000000 1.00000000000000005E-004
1401.5931704800000 1.0000000000000000 1.00000000000000005E-004
1401.5992482600000 1.0000000000000000 1.00000000000000005E-004
1401.6053260599999 0.99997095946069647 1.00000000000000005E-004
1401.6114038900000 0.99997065442211275 1.00000000000000005E-004
1401.6174817399999 0.99997034428686249 1.00000000000000005E-004
1401.6235596199999 0.99997002618160669 1.00000000000000005E-004
1401.6296375300001 0.99996968355933236 1.00000000000000005E-004
1401.6357154600000 0.99996926723950363 1.00000000000000005E-004
1401.6417934200001 0.99996872266557335 1.00000000000000005E-004
1401.6478714100001 0.99996809127161512 1.00000000000000005E-004
1401.6539494199999 0.99996750829143499 1.00000000000000005E-004
1401.6600274600000 0.99996704120308300 1.00000000000000005E-004
1401.6661055200000 0.99996664724784246 1.00000000000000005E-004
1401.6721836100000 0.99996627256357162 1.00000000000000005E-004
1401.6782617300000 0.99996589610002584 1.00000000000000005E-004
1401.6843398700000 0.99996551374406406 1.00000000000000005E-004
1401.6904180399999 0.99996512494719880 1.00000000000000005E-004
1401.6964962400000 0.99996472953983828 1.00000000000000005E-004
1401.7025744600001 0.99996432737068841 1.00000000000000005E-004
1401.7086527100000 0.99996391828446496 1.00000000000000005E-004
1401.7147309899999 0.99996350212161600 1.00000000000000005E-004
1401.7208092900000 0.99996307871816092 1.00000000000000005E-004
1401.7268876200001 0.99996264790491274 1.00000000000000005E-004
1401.7329659800000 0.99996220950799986 1.00000000000000005E-004
1401.7390443600000 0.99996176334886966 1.00000000000000005E-004
1401.7451227600000 0.99996130924289450 1.00000000000000005E-004
1401.7512012000000 0.99996084699963494 1.00000000000000005E-004
1401.7572796600000 0.99996037642372881 1.00000000000000005E-004
1401.7633581499999 0.99995989731402846 1.00000000000000005E-004
1401.7694366600001 0.99995940946297590 1.00000000000000005E-004
1401.7755152000000 0.99995891265653924 1.00000000000000005E-004
1401.7815937600001 0.99995840667385705 1.00000000000000005E-004
1401.7876723600000 0.99995789128754853 1.00000000000000005E-004
1401.7937509700000 0.99995736626339660 1.00000000000000005E-004
1401.7998296200001 0.99995683135929214 1.00000000000000005E-004
1401.8059082899999 0.99995628632575562 1.00000000000000005E-004
1401.8119869899999 0.99995573090571821 1.00000000000000005E-004
1401.8180657099999 0.99995516483356151 1.00000000000000005E-004
1401.8241444600001 0.99995458783477043 1.00000000000000005E-004
1401.8302232399999 0.99995399962629183 1.00000000000000005E-004
1401.8363020400000 0.99995339991614496 1.00000000000000005E-004
1401.8423808699999 0.99995278840214619 1.00000000000000005E-004
1401.8484597300001 0.99995216477242799 1.00000000000000005E-004
1401.8545386100000 0.99995152870515480 1.00000000000000005E-004
1401.8606175200000 0.99995087986741671 1.00000000000000005E-004
1401.8666964500001 0.99995021791494054 1.00000000000000005E-004
1401.8727754100000 0.99994954249144474 1.00000000000000005E-004
1401.8788543999999 0.99994885322890170 1.00000000000000005E-004
1401.8849334100000 0.99994814974697066 1.00000000000000005E-004
1401.8910124500001 0.99994743165142341 1.00000000000000005E-004
1401.8970915200000 0.99994669853463247 1.00000000000000005E-004
1401.9031706100000 0.99994594997501529 1.00000000000000005E-004
1401.9092497300001 0.99994518553532219 1.00000000000000005E-004
1401.9153288800001 0.99994440476312041 1.00000000000000005E-004
1401.9214080500001 0.99994360719023412 1.00000000000000005E-004
1401.9274872500000 0.99994279233109251 1.00000000000000005E-004
1401.9335664700000 0.99994195968194266 1.00000000000000005E-004
1401.9396457299999 0.99994110872105335 1.00000000000000005E-004
1401.9457250000000 0.99994023890788208 1.00000000000000005E-004
1401.9518043099999 0.99993934968099463 1.00000000000000005E-004
1401.9578836400001 0.99993844045869185 1.00000000000000005E-004
1401.9639629900000 0.99993751063671865 1.00000000000000005E-004
1401.9700423800000 0.99993655958700700 1.00000000000000005E-004
1401.9761217900000 0.99993558665947058 1.00000000000000005E-004
1401.9822012200000 0.99993459117841599 1.00000000000000005E-004
1401.9882806799999 0.99993357243994574 1.00000000000000005E-004
1401.9943601699999 0.99993252971300517 1.00000000000000005E-004
1402.0004396899999 0.99993146223917606 1.00000000000000005E-004
1402.0065192300001 0.99993036923037693 1.00000000000000005E-004
1402.0125987900001 0.99992924986476583 1.00000000000000005E-004
1402.0186783900001 0.99992810328644499 1.00000000000000005E-004
1402.0247580099999 0.99992692860654653 1.00000000000000005E-004
1402.0308376600001 0.99992572489990372 1.00000000000000005E-004
1402.0369173300001 0.99992449120217797 1.00000000000000005E-004
1402.0429970299999 0.99992322650832921 1.00000000000000005E-004
1402.0490767500000 0.99992192977024141 1.00000000000000005E-004
1402.0551565100000 0.99992059989596460 1.00000000000000005E-004
1402.0612362800000 0.99991923574728003 1.00000000000000005E-004
1402.0673160900001 0.99991783613521157 1.00000000000000005E-004
1402.0733959199999 0.99991639981950664 1.00000000000000005E-004
1402.0794757799999 0.99991492550609484 1.00000000000000005E-004
1402.0855556600000 0.99991341184243443 1.00000000000000005E-004
1402.0916355700001 0.99991185741430755 1.00000000000000005E-004
1402.0977155099999 0.99991026074435940 1.00000000000000005E-004
1402.1037954700000 0.99990862028849281 1.00000000000000005E-004
1402.1098754600000 0.99990693442963807 1.00000000000000005E-004
1402.1159554799999 0.99990520147622386 1.00000000000000005E-004
1402.1220355200001 0.99990341965825735 1.00000000000000005E-004
1402.1281155900001 0.99990158712088362 1.00000000000000005E-004
1402.1341956799999 0.99989970191995470 1.00000000000000005E-004
1402.1402757999999 0.99989776201629221 1.00000000000000005E-004
1402.1463559500000 0.99989576527229740 1.00000000000000005E-004
1402.1524361199999 0.99989370944589373 1.00000000000000005E-004
1402.1585163200000 0.99989159218116452 1.00000000000000005E-004
1402.1645965499999 0.99988941100462614 1.00000000000000005E-004
1402.1706767999999 0.99988716331808292 1.00000000000000005E-004
1402.1767570800000 0.99988484638754505 1.00000000000000005E-004
1402.1828373900000 0.99988245733825143 1.00000000000000005E-004
1402.1889177200001 0.99987999314620202 1.00000000000000005E-004
1402.1949980800000 0.99987745062598843 1.00000000000000005E-004
1402.2010784600000 0.99987482642093317 1.00000000000000005E-004
1402.2071588700001 0.99987211699074519 1.00000000000000005E-004
1402.2132393100001 0.99986931860151496 1.00000000000000005E-004
1402.2193197800000 0.99986642731635411 1.00000000000000005E-004
1402.2254002699999 0.99986343897950791 1.00000000000000005E-004
1402.2314807800001 0.99986034919473887 1.00000000000000005E-004
1402.2375613300001 0.99985715331368363 1.00000000000000005E-004
1402.2436418899999 0.99985384642200748 1.00000000000000005E-004
1402.2497224900001 0.99985042331428853 1.00000000000000005E-004
1402.2558031100000 0.99984687847747933 1.00000000000000005E-004
1402.2618837600000 0.99984320606782606 1.00000000000000005E-004
1402.2679644400000 0.99983939988747073 1.00000000000000005E-004
1402.2740451400000 0.99983545336087232 1.00000000000000005E-004
1402.2801258600000 0.99983135949598101 1.00000000000000005E-004
1402.2862066200000 0.99982711085706011 1.00000000000000005E-004
1402.2922874000001 0.99982269954073544 1.00000000000000005E-004
1402.2983682100000 0.99981811713344626 1.00000000000000005E-004
1402.3044490400000 0.99981335466726928 1.00000000000000005E-004
1402.3105298999999 0.99980840257734327 1.00000000000000005E-004
1402.3166107800000 0.99980325065231312 1.00000000000000005E-004
1402.3226917000000 0.99979788798712366 1.00000000000000005E-004
1402.3287726300000 0.99979230292473387 1.00000000000000005E-004
1402.3348536000001 0.99978648298421213 1.00000000000000005E-004
1402.3409345900000 0.99978041479920987 1.00000000000000005E-004
1402.3470156100000 0.99977408404200319 1.00000000000000005E-004
1402.3530966500000 0.99976747533127086 1.00000000000000005E-004
1402.3591777199999 0.99976057213763847 1.00000000000000005E-004
1402.3652588200000 0.99975335668803145 1.00000000000000005E-004
1402.3713399400001 0.99974580985062078 1.00000000000000005E-004
1402.3774210900001 0.99973791099610199 1.00000000000000005E-004
1402.3835022700000 0.99972963786738489 1.00000000000000005E-004
1402.3895834699999 0.99972096642401054 1.00000000000000005E-004
1402.3956647000000 0.99971187065783906 1.00000000000000005E-004
1402.4017459500001 0.99970232239849965 1.00000000000000005E-004
1402.4078272300001 0.99969229108946922 1.00000000000000005E-004
1402.4139085400000 0.99968174354945982 1.00000000000000005E-004
1402.4199898800000 0.99967064371039704 1.00000000000000005E-004
1402.4260712400001 0.99965895230003199 1.00000000000000005E-004
1402.4321526199999 0.99964662646496005 1.00000000000000005E-004
1402.4382340400000 0.99963361938950368 1.00000000000000005E-004
1402.4443154799999 0.99961987988513745 1.00000000000000005E-004
1402.4503969400000 0.99960535184966870 1.00000000000000005E-004
1402.4564784300001 0.99958997366844071 1.00000000000000005E-004
1402.4625599500000 0.99957367758829274 1.00000000000000005E-004
1402.4686415000001 0.99955638898293309 1.00000000000000005E-004
1402.4747230700000 0.99953802547550907 1.00000000000000005E-004
1402.4808046700000 0.99951849593582598 1.00000000000000005E-004
1402.4868862900000 0.99949769934652677 1.00000000000000005E-004
1402.4929679400000 0.99947552347956448 1.00000000000000005E-004
1402.4990496200001 0.99945184339304804 1.00000000000000005E-004
1402.5051313199999 0.99942651965509621 1.00000000000000005E-004
1402.5112130499999 0.99939939623449137 1.00000000000000005E-004
1402.5172948100001 0.99937029811159239 1.00000000000000005E-004
1402.5233765900000 0.99933902843395872 1.00000000000000005E-004
1402.5294584000001 0.99930536512043500 1.00000000000000005E-004
1402.5355402299999 0.99926905687737022 1.00000000000000005E-004
1402.5416220899999 0.99922981843360514 1.00000000000000005E-004
1402.5477039800001 0.99918732489332984 1.00000000000000005E-004
1402.5537859000001 0.99914120497990877 1.00000000000000005E-004
1402.5598678399999 0.99909103278801392 1.00000000000000005E-004
1402.5659498000000 0.99903631768581280 1.00000000000000005E-004
1402.5720318000001 0.99897649218240447 1.00000000000000005E-004
1402.5781138200000 0.99891089712984682 1.00000000000000005E-004
1402.5841958599999 0.99883876307294550 1.00000000000000005E-004
1402.5902779400001 0.99875918725999080 1.00000000000000005E-004
1402.5963600299999 0.99867110493217626 1.00000000000000005E-004
1402.6024421600000 0.99857325278846953 1.00000000000000005E-004
1402.6085243099999 0.99846412275355734 1.00000000000000005E-004
1402.6146064899999 0.99834190243169696 1.00000000000000005E-004
1402.6206886900000 0.99820439765796187 1.00000000000000005E-004
1402.6267709199999 0.99804893102223313 1.00000000000000005E-004
1402.6328531800000 0.99787220739855809 1.00000000000000005E-004
1402.6389354700000 0.99767013338051314 1.00000000000000005E-004
1402.6450177800000 0.99743757088135643 1.00000000000000005E-004
1402.6511001100000 0.99716799582593640 1.00000000000000005E-004
1402.6571824700000 0.99685301819014460 1.00000000000000005E-004
1402.6632648600000 0.99648169392874320 1.00000000000000005E-004
1402.6693472800000 0.99603951554392856 1.00000000000000005E-004
1402.6754297200000 0.99550689343344201 1.00000000000000005E-004
1402.6815121899999 0.99485680506581142 1.00000000000000005E-004
1402.6875946800001 0.99405102843232107 1.00000000000000005E-004
1402.6936771999999 0.99303383961830261 1.00000000000000005E-004
1402.6997597500001 0.99172070696566383 1.00000000000000005E-004
1402.7058423200001 0.98997303688118810 1.00000000000000005E-004
1402.7119249200000 0.98749435217830206 1.00000000000000005E-004
1402.7180075500000 0.98316501089133856 1.00000000000000005E-004
1402.7240902000001 0.97154401145080627 1.00000000000000005E-004
1402.7301728800001 0.93248383741065455 1.00000000000000005E-004
1402.7362555899999 0.82310872319688044 1.00000000000000005E-004
1402.7423383200000 0.61193027059623051 1.00000000000000005E-004
1402.7484210800001 0.34796239167125970 1.00000000000000005E-004
1402.7545038600001 0.13967959442420594 1.00000000000000005E-004
1402.7605866700001 3.73783785499107388E-002 1.00000000000000005E-004
1402.7666695099999 6.45222588219339626E-003 1.00000000000000005E-004
1402.7727523700000 1.30470501795241925E-003 1.00000000000000005E-004
1402.7788352600001 5.94035925577270866E-003 1.00000000000000005E-004
1402.7849181800000 3.50674010743002376E-002 1.00000000000000005E-004
1402.7910011199999 0.13348794383832396 1.00000000000000005E-004
1402.7970840900000 0.33793008596591223 1.00000000000000005E-004
1402.8031670900000 0.60197784987266101 1.00000000000000005E-004
1402.8092501100000 0.81693038107099447 1.00000000000000005E-004
1402.8153331599999 0.92995311204544007 1.00000000000000005E-004
1402.8214162300001 0.97074229498604692 1.00000000000000005E-004
1402.8274993400000 0.98287750586976808 1.00000000000000005E-004
1402.8335824599999 0.98733854098444052 1.00000000000000005E-004
1402.8396656200000 0.98986582048785721 1.00000000000000005E-004
1402.8457487999999 0.99164119680891605 1.00000000000000005E-004
1402.8518320000001 0.99297282908649531 1.00000000000000005E-004
1402.8579152400000 0.99400304958289354 1.00000000000000005E-004
1402.8639985000000 0.99481831473180915 1.00000000000000005E-004
1402.8700817800000 0.99547549448259676 1.00000000000000005E-004
1402.8761650900001 0.99601353370850110 1.00000000000000005E-004
1402.8822484299999 0.99645992792224158 1.00000000000000005E-004
1402.8883318000001 0.99683458600922892 1.00000000000000005E-004
1402.8944151900000 0.99715223701567701 1.00000000000000005E-004
1402.9004986100001 0.99742398221642070 1.00000000000000005E-004
1402.9065820500000 0.99765832554372935 1.00000000000000005E-004
1402.9126655200000 0.99786187548476935 1.00000000000000005E-004
1402.9187490200000 0.99803983348075387 1.00000000000000005E-004
1402.9248325399999 0.99819634086810605 1.00000000000000005E-004
1402.9309160900000 0.99833472961297709 1.00000000000000005E-004
1402.9369996700000 0.99845770574585335 1.00000000000000005E-004
1402.9430832700000 0.99856748597725131 1.00000000000000005E-004
1402.9491668999999 0.99866590072786776 1.00000000000000005E-004
1402.9552505500001 0.99875447248061455 1.00000000000000005E-004
1402.9613342299999 0.99883447618148924 1.00000000000000005E-004
1402.9674179399999 0.99890698612477069 1.00000000000000005E-004
1402.9735016800000 0.99897291273258793 1.00000000000000005E-004
1402.9795854399999 0.99903303180545500 1.00000000000000005E-004
1402.9856692200001 0.99908800791739805 1.00000000000000005E-004
1402.9917530400000 0.99913841300346717 1.00000000000000005E-004
1402.9978368800000 0.99918474134912039 1.00000000000000005E-004
1403.0039207400000 0.99922742206381965 1.00000000000000005E-004
1403.0100046400000 0.99926682914637754 1.00000000000000005E-004
1403.0160885499999 0.99930328972693450 1.00000000000000005E-004
1403.0221724999999 0.99933709101668455 1.00000000000000005E-004
1403.0282564700001 0.99936848598140038 1.00000000000000005E-004
1403.0343404700000 0.99939769813312862 1.00000000000000005E-004
1403.0404244900001 0.99942492559293195 1.00000000000000005E-004
1403.0465085400001 0.99945034448455594 1.00000000000000005E-004
1403.0525926200000 0.99947411178629764 1.00000000000000005E-004
1403.0586767299999 0.99949636775072148 1.00000000000000005E-004
1403.0647608600000 0.99951723801711168 1.00000000000000005E-004
1403.0708450100001 0.99953683544237915 1.00000000000000005E-004
1403.0769291900001 0.99955526163253583 1.00000000000000005E-004
1403.0830134000000 0.99957260822945992 1.00000000000000005E-004
1403.0890976400001 0.99958895805050640 1.00000000000000005E-004
1403.0951818999999 0.99960438611010438 1.00000000000000005E-004
1403.1012661899999 0.99961896049945087 1.00000000000000005E-004
1403.1073504999999 0.99963274313786554 1.00000000000000005E-004
1403.1134348500000 0.99964579041680779 1.00000000000000005E-004
1403.1195192099999 0.99965815378301626 1.00000000000000005E-004
1403.1256036100001 0.99966988026732939 1.00000000000000005E-004
1403.1316880300001 0.99968101291292011 1.00000000000000005E-004
1403.1377724700001 0.99969159118992901 1.00000000000000005E-004
1403.1438569500001 0.99970165134875688 1.00000000000000005E-004
1403.1499414499999 0.99971122670141643 1.00000000000000005E-004
1403.1560259700000 0.99972034792706066 1.00000000000000005E-004
1403.1621105199999 0.99972904332990487 1.00000000000000005E-004
1403.1681951000000 0.99973733903735473 1.00000000000000005E-004
1403.1742797100001 0.99974525919106694 1.00000000000000005E-004
1403.1803643400001 0.99975282613470562 1.00000000000000005E-004
1403.1864490000000 0.99976006057811384 1.00000000000000005E-004
1403.1925336800000 0.99976698173571055 1.00000000000000005E-004
1403.1986183900001 0.99977360745579069 1.00000000000000005E-004
1403.2047031300001 0.99977995432862088 1.00000000000000005E-004
1403.2107878899999 0.99978603779225816 1.00000000000000005E-004
1403.2168726800001 0.99979187223629296 1.00000000000000005E-004
1403.2229574999999 0.99979747107773664 1.00000000000000005E-004
1403.2290423400000 0.99980284683800269 1.00000000000000005E-004
1403.2351272100000 0.99980801121946572 1.00000000000000005E-004
1403.2412121000000 0.99981297516774703 1.00000000000000005E-004
1403.2472970199999 0.99981774893167175 1.00000000000000005E-004
1403.2533819700000 0.99982234211235554 1.00000000000000005E-004
1403.2594669499999 0.99982676370639545 1.00000000000000005E-004
1403.2655519499999 0.99983102215471709 1.00000000000000005E-004
1403.2716369699999 0.99983512539276376 1.00000000000000005E-004
1403.2777220299999 0.99983908088113727 1.00000000000000005E-004
1403.2838071100000 0.99984289562909767 1.00000000000000005E-004
1403.2898922100001 0.99984657623799322 1.00000000000000005E-004
1403.2959773499999 0.99985012892873149 1.00000000000000005E-004
1403.3020624999999 0.99985355956256672 1.00000000000000005E-004
1403.3081476899999 0.99985687367155807 1.00000000000000005E-004
1403.3142329000000 0.99986007647611996 1.00000000000000005E-004
1403.3203181399999 0.99986317290594284 1.00000000000000005E-004
1403.3264033999999 0.99986616762365299 1.00000000000000005E-004
1403.3324887000001 0.99986906503774342 1.00000000000000005E-004
1403.3385740100000 0.99987186931889371 1.00000000000000005E-004
1403.3446593599999 0.99987458441901178 1.00000000000000005E-004
1403.3507447300001 0.99987721408019681 1.00000000000000005E-004
1403.3568301200000 0.99987976185141914 1.00000000000000005E-004
1403.3629155500000 0.99988223110042052 1.00000000000000005E-004
1403.3690009899999 0.99988462502131548 1.00000000000000005E-004
1403.3750864700000 0.99988694664948741 1.00000000000000005E-004
1403.3811719700000 0.99988919886810124 1.00000000000000005E-004
1403.3872575000000 0.99989138441774772 1.00000000000000005E-004
1403.3933430600000 0.99989350590454584 1.00000000000000005E-004
1403.3994286400000 0.99989556580661232 1.00000000000000005E-004
1403.4055142400000 0.99989756648680672 1.00000000000000005E-004
1403.4115998800000 0.99989951019691103 1.00000000000000005E-004
1403.4176855400001 0.99990139907939724 1.00000000000000005E-004
1403.4237712300001 0.99990323517645152 1.00000000000000005E-004
1403.4298569400000 0.99990502043711860 1.00000000000000005E-004
1403.4359426799999 0.99990675672175300 1.00000000000000005E-004
1403.4420284400001 0.99990844580737603 1.00000000000000005E-004
1403.4481142400000 0.99991008939071446 1.00000000000000005E-004
1403.4542000599999 0.99991168909015937 1.00000000000000005E-004
1403.4602858999999 0.99991324645371726 1.00000000000000005E-004
1403.4663717700000 0.99991476296432724 1.00000000000000005E-004
1403.4724576700000 0.99991624003903778 1.00000000000000005E-004
1403.4785435900001 0.99991767903307860 1.00000000000000005E-004
1403.4846295400000 0.99991908124550899 1.00000000000000005E-004
1403.4907155200001 0.99992044792035206 1.00000000000000005E-004
1403.4968015300001 0.99992178024718104 1.00000000000000005E-004
1403.5028875500000 0.99992307936693503 1.00000000000000005E-004
1403.5089736100001 0.99992434637576055 1.00000000000000005E-004
1403.5150596900000 0.99992558232384743 1.00000000000000005E-004
1403.5211458000001 0.99992678821850478 1.00000000000000005E-004
1403.5272319400001 0.99992796502640457 1.00000000000000005E-004
1403.5333181000001 0.99992911367509307 1.00000000000000005E-004
1403.5394042900000 0.99993023505600576 1.00000000000000005E-004
1403.5454904999999 0.99993133002578949 1.00000000000000005E-004
1403.5515767400000 0.99993239940821255 1.00000000000000005E-004
1403.5576630099999 0.99993344399451700 1.00000000000000005E-004
1403.5637492999999 0.99993446454507651 1.00000000000000005E-004
1403.5698356200000 0.99993546179234127 1.00000000000000005E-004
1403.5759219700001 0.99993643644060404 1.00000000000000005E-004
1403.5820083399999 0.99993738916727648 1.00000000000000005E-004
1403.5880947400001 0.99993832062550514 1.00000000000000005E-004
1403.5941811700000 0.99993923144382846 1.00000000000000005E-004
1403.6002676200001 0.99994012222718576 1.00000000000000005E-004
1403.6063541000001 0.99994099355903276 1.00000000000000005E-004
1403.6124405999999 0.99994184600224723 1.00000000000000005E-004
1403.6185271400000 0.99994268009898735 1.00000000000000005E-004
1403.6246136899999 0.99994349637167657 1.00000000000000005E-004
1403.6307002799999 0.99994429532509232 1.00000000000000005E-004
1403.6367868899999 0.99994507744589212 1.00000000000000005E-004
1403.6428735300001 0.99994584320326796 1.00000000000000005E-004
1403.6489601900000 0.99994659305052547 1.00000000000000005E-004
1403.6550468800001 0.99994732742555537 1.00000000000000005E-004
1403.6611335900000 0.99994804675173199 1.00000000000000005E-004
1403.6672203400001 0.99994875143787720 1.00000000000000005E-004
1403.6733071100000 0.99994944187782764 1.00000000000000005E-004
1403.6793938999999 0.99995011845266935 1.00000000000000005E-004
1403.6854807200000 0.99995078153198336 1.00000000000000005E-004
1403.6915675700000 0.99995143147254029 1.00000000000000005E-004
1403.6976544400000 0.99995206861923558 1.00000000000000005E-004
1403.7037413500000 0.99995269330566539 1.00000000000000005E-004
1403.7098282699999 0.99995330585439912 1.00000000000000005E-004
1403.7159152300001 0.99995390657818251 1.00000000000000005E-004
1403.7220022100000 0.99995449577921747 1.00000000000000005E-004
1403.7280892100000 0.99995507375038351 1.00000000000000005E-004
1403.7341762500000 0.99995564077558963 1.00000000000000005E-004
1403.7402632999999 0.99995619712932682 1.00000000000000005E-004
1403.7463503900001 0.99995674307801774 1.00000000000000005E-004
1403.7524375000000 0.99995727887955321 1.00000000000000005E-004
1403.7585246399999 0.99995780478363205 1.00000000000000005E-004
1403.7646118000000 0.99995832103283278 1.00000000000000005E-004
1403.7706989999999 0.99995882786211066 1.00000000000000005E-004
1403.7767862100000 0.99995932549905897 1.00000000000000005E-004
1403.7828734600000 0.99995981416486257 1.00000000000000005E-004
1403.7889607300001 0.99996029407367504 1.00000000000000005E-004
1403.7950480200000 0.99996076543357904 1.00000000000000005E-004
1403.8011353500001 0.99996122844692548 1.00000000000000005E-004
1403.8072227000000 0.99996168330920088 1.00000000000000005E-004
1403.8133100699999 0.99996213021059388 1.00000000000000005E-004
1403.8193974799999 0.99996256933604843 1.00000000000000005E-004
1403.8254849000000 0.99996300086479117 1.00000000000000005E-004
1403.8315723600001 0.99996342497129054 1.00000000000000005E-004
1403.8376598400000 0.99996384182481501 1.00000000000000005E-004
1403.8437473500001 0.99996425158959079 1.00000000000000005E-004
1403.8498348799999 0.99996465442548588 1.00000000000000005E-004
1403.8559224400001 0.99996505048913709 1.00000000000000005E-004
1403.8620100300000 0.99996543996216158 1.00000000000000005E-004
1403.8680976400001 0.99996582350288354 1.00000000000000005E-004
1403.8741852799999 0.99996620600063302 1.00000000000000005E-004
1403.8802729500001 0.99996661112623952 1.00000000000000005E-004
1403.8863606400000 0.99996709506150916 1.00000000000000005E-004
1403.8924483599999 0.99996769421136800 1.00000000000000005E-004
1403.8985361099999 0.99996832969603477 1.00000000000000005E-004
1403.9046238799999 0.99996886885598291 1.00000000000000005E-004
1403.9107116800001 0.99996928218076253 1.00000000000000005E-004
1403.9167995000000 0.99996962747052720 1.00000000000000005E-004
1403.9228873500001 0.99996995074456241 1.00000000000000005E-004
1403.9289752300001 0.99997026647517406 1.00000000000000005E-004
1403.9350631400000 0.99997057705289838 1.00000000000000005E-004
1403.9411510699999 0.99997088277817447 1.00000000000000005E-004
1403.9472390200001 1.0000000000000000 1.00000000000000005E-004
1403.9533270100001 1.0000000000000000 1.00000000000000005E-004
1403.9594150099999 1.0000000000000000 1.00000000000000005E-004
1403.9655030500001 1.0000000000000000 1.00000000000000005E-004
1403.9715911100000 1.0000000000000000 1.00000000000000005E-004
1403.9776792000000 1.0000000000000000 1.00000000000000005E-004
1403.9837673200000 1.0000000000000000 1.00000000000000005E-004
1403.9898554599999 1.0000000000000000 1.00000000000000005E-004
1403.9959436300001 1.0000000000000000 1.00000000000000005E-004
1404.0020318200000 1.0000000000000000 1.00000000000000005E-004
1404.0081200400000 1.0000000000000000 1.00000000000000005E-004
1404.0142082899999 1.0000000000000000 1.00000000000000005E-004
1404.0202965599999 1.0000000000000000 1.00000000000000005E-004
1404.0263848600000 1.0000000000000000 1.00000000000000005E-004
1404.0324731900000 1.0000000000000000 1.00000000000000005E-004
1404.0385615400000 1.0000000000000000 1.00000000000000005E-004
1404.0446499200000 1.0000000000000000 1.00000000000000005E-004
1404.0507383199999 1.0000000000000000 1.00000000000000005E-004
1404.0568267599999 1.0000000000000000 1.00000000000000005E-004
1404.0629152100000 1.0000000000000000 1.00000000000000005E-004
