1392.4819598100000 1.0000000000000000 1.00000000000000005E-004
1392.4879980700000 1.0000000000000000 1.00000000000000005E-004
1392.4940363600001 1.0000000000000000 1.00000000000000005E-004
1392.5000746799999 1.0000000000000000 1.00000000000000005E-004
1392.5061130300001 1.0000000000000000 1.00000000000000005E-004
1392.5121514000000 1.0000000000000000 1.00000000000000005E-004
1392.5181897900000 1.0000000000000000 1.00000000000000005E-004
1392.5242282199999 1.0000000000000000 1.00000000000000005E-004
1392.5302666699999 1.0000000000000000 1.00000000000000005E-004
1392.5363051400000 1.0000000000000000 1.00000000000000005E-004
1392.5423436399999 1.0000000000000000 1.00000000000000005E-004
1392.5483821700000 1.0000000000000000 1.00000000000000005E-004
1392.5544207200001 1.0000000000000000 1.00000000000000005E-004
1392.5604593000000 1.0000000000000000 1.00000000000000005E-004
1392.5664979100000 1.0000000000000000 1.00000000000000005E-004
1392.5725365400001 1.0000000000000000 1.00000000000000005E-004
1392.5785751999999 1.0000000000000000 1.00000000000000005E-004
1392.5846138899999 1.0000000000000000 1.00000000000000005E-004
1392.5906526000001 1.0000000000000000 1.00000000000000005E-004
1392.5966913300001 1.0000000000000000 1.00000000000000005E-004
1392.6027300999999 0.99993871594803008 1.00000000000000005E-004
1392.6087688900000 0.99993807071776963 1.00000000000000005E-004
1392.6148077000000 0.99993741524574764 1.00000000000000005E-004
1392.6208465499999 0.99993674931370746 1.00000000000000005E-004
1392.6268854100001 0.99993607269815010 1.00000000000000005E-004
1392.6329243099999 0.99993538516905245 1.00000000000000005E-004
1392.6389632299999 0.99993468649079564 1.00000000000000005E-004
1392.6450021700000 0.99993397642089554 1.00000000000000005E-004
1392.6510411500001 0.99993325470960881 1.00000000000000005E-004
1392.6570801500000 0.99993252110188591 1.00000000000000005E-004
1392.6631191700001 0.99993177533526911 1.00000000000000005E-004
1392.6691582200001 0.99993101713871657 1.00000000000000005E-004
1392.6751973000000 0.99993024623437021 1.00000000000000005E-004
1392.6812364000000 0.99992946233705848 1.00000000000000005E-004
1392.6872755300001 0.99992866515276502 1.00000000000000005E-004
1392.6933146900001 0.99992785437949161 1.00000000000000005E-004
1392.6993538700001 0.99992702970698832 1.00000000000000005E-004
1392.7053930800000 0.99992619081526068 1.00000000000000005E-004
1392.7114323200001 0.99992533737560374 1.00000000000000005E-004
1392.7174715799999 0.99992446905061749 1.00000000000000005E-004
1392.7235108600000 0.99992358549151805 1.00000000000000005E-004
1392.7295501799999 0.99992268633882408 1.00000000000000005E-004
1392.7355895200001 0.99992177122448667 1.00000000000000005E-004
1392.7416288800000 0.99992083976905566 1.00000000000000005E-004
1392.7476682700001 0.99991989157993233 1.00000000000000005E-004
1392.7537076900001 0.99991892625312595 1.00000000000000005E-004
1392.7597471399999 0.99991794337382600 1.00000000000000005E-004
1392.7657866100001 0.99991694251511065 1.00000000000000005E-004
1392.7718261000000 0.99991592323519818 1.00000000000000005E-004
1392.7778656300000 0.99991488507854986 1.00000000000000005E-004
1392.7839051700000 0.99991382757654990 1.00000000000000005E-004
1392.7899447499999 0.99991275024498705 1.00000000000000005E-004
1392.7959843500000 0.99991165258497194 1.00000000000000005E-004
1392.8020239800001 0.99991053408247976 1.00000000000000005E-004
1392.8080636300001 0.99990939420641922 1.00000000000000005E-004
1392.8141033100001 0.99990823240793258 1.00000000000000005E-004
1392.8201430199999 0.99990704812116882 1.00000000000000005E-004
1392.8261827500000 0.99990584076268152 1.00000000000000005E-004
1392.8322225100001 0.99990460972935613 1.00000000000000005E-004
1392.8382622900001 0.99990335439794853 1.00000000000000005E-004
1392.8443021000000 0.99990207412393939 1.00000000000000005E-004
1392.8503419399999 0.99990076824212759 1.00000000000000005E-004
1392.8563818000000 0.99989943606562803 1.00000000000000005E-004
1392.8624216900000 0.99989807688293875 1.00000000000000005E-004
1392.8684616099999 0.99989668995901826 1.00000000000000005E-004
1392.8745015500001 0.99989527453453664 1.00000000000000005E-004
1392.8805415200000 0.99989382982329333 1.00000000000000005E-004
1392.8865815100000 0.99989235501146034 1.00000000000000005E-004
1392.8926215300000 0.99989084925600125 1.00000000000000005E-004
1392.8986615800000 0.99988931168513462 1.00000000000000005E-004
1392.9047016500001 0.99988774139691361 1.00000000000000005E-004
1392.9107417499999 0.99988613745551203 1.00000000000000005E-004
1392.9167818799999 0.99988449889221587 1.00000000000000005E-004
1392.9228220299999 0.99988282470425627 1.00000000000000005E-004
1392.9288622100000 0.99988111385144862 1.00000000000000005E-004
1392.9349024099999 0.99987936525495558 1.00000000000000005E-004
1392.9409426400000 0.99987757779503705 1.00000000000000005E-004
1392.9469829000000 0.99987575031128173 1.00000000000000005E-004
1392.9530231799999 0.99987388160081714 1.00000000000000005E-004
1392.9590634900001 0.99987197041424669 1.00000000000000005E-004
1392.9651038200000 0.99987001545402843 1.00000000000000005E-004
1392.9711441800000 0.99986801537169834 1.00000000000000005E-004
1392.9771845700000 0.99986596876776512 1.00000000000000005E-004
1392.9832249799999 0.99986387418905442 1.00000000000000005E-004
1392.9892654200000 0.99986173012294366 1.00000000000000005E-004
1392.9953058900001 0.99985953499780711 1.00000000000000005E-004
1393.0013463800001 0.99985728718053790 1.00000000000000005E-004
1393.0073869000000 0.99985498497107128 1.00000000000000005E-004
1393.0134274400000 0.99985262659968399 1.00000000000000005E-004
1393.0194680100001 0.99985021022288645 1.00000000000000005E-004
1393.0255086100001 0.99984773392249193 1.00000000000000005E-004
1393.0315492300001 0.99984519570156893 1.00000000000000005E-004
1393.0375898800000 0.99984259347654825 1.00000000000000005E-004
1393.0436305600001 0.99983992507680197 1.00000000000000005E-004
1393.0496712600000 0.99983718824060075 1.00000000000000005E-004
1393.0557119900000 0.99983438060735719 1.00000000000000005E-004
1393.0617527400000 0.99983149971313312 1.00000000000000005E-004
1393.0677935199999 0.99982854298430013 1.00000000000000005E-004
1393.0738343300000 0.99982550773514278 1.00000000000000005E-004
1393.0798751600000 0.99982239116192484 1.00000000000000005E-004
1393.0859160200000 0.99981919033296274 1.00000000000000005E-004
1393.0919569000000 0.99981590218247829 1.00000000000000005E-004
1393.0979978099999 0.99981252350226835 1.00000000000000005E-004
1393.1040387500000 0.99980905093761585 1.00000000000000005E-004
1393.1100797100000 0.99980548097862854 1.00000000000000005E-004
1393.1161207000000 0.99980180994594248 1.00000000000000005E-004
1393.1221617199999 0.99979803398663580 1.00000000000000005E-004
1393.1282027600000 0.99979414906482911 1.00000000000000005E-004
1393.1342438300001 0.99979015094669965 1.00000000000000005E-004
1393.1402849200001 0.99978603518980014 1.00000000000000005E-004
1393.1463260400001 0.99978179712943949 1.00000000000000005E-004
1393.1523671899999 0.99977743187013102 1.00000000000000005E-004
1393.1584083600001 0.99977293427104963 1.00000000000000005E-004
1393.1644495600001 0.99976829892404884 1.00000000000000005E-004
1393.1704907900000 0.99976352014418635 1.00000000000000005E-004
1393.1765320400000 0.99975859195319716 1.00000000000000005E-004
1393.1825733200001 0.99975350805546459 1.00000000000000005E-004
1393.1886146200000 0.99974826181892285 1.00000000000000005E-004
1393.1946559500000 0.99974284625166654 1.00000000000000005E-004
1393.2006973099999 0.99973725398473412 1.00000000000000005E-004
1393.2067386900001 0.99973147724739175 1.00000000000000005E-004
1393.2127800999999 0.99972550783374636 1.00000000000000005E-004
1393.2188215300000 0.99971933707489380 1.00000000000000005E-004
1393.2248629900000 0.99971295580549480 1.00000000000000005E-004
1393.2309044799999 0.99970635433671973 1.00000000000000005E-004
1393.2369459900001 0.99969952241886983 1.00000000000000005E-004
1393.2429875299999 0.99969244919120659 1.00000000000000005E-004
1393.2490290999999 0.99968512314910829 1.00000000000000005E-004
1393.2550706899999 0.99967753209836729 1.00000000000000005E-004
1393.2611123100000 0.99966966309535144 1.00000000000000005E-004
1393.2671539500000 0.99966150239083607 1.00000000000000005E-004
1393.2731956299999 0.99965303537971772 1.00000000000000005E-004
1393.2792373200000 0.99964424653646056 1.00000000000000005E-004
1393.2852790500001 0.99963511933407101 1.00000000000000005E-004
1393.2913207900001 0.99962563616806110 1.00000000000000005E-004
1393.2973625699999 0.99961577826822789 1.00000000000000005E-004
1393.3034043700000 0.99960552561676819 1.00000000000000005E-004
1393.3094461999999 0.99959485684683103 1.00000000000000005E-004
1393.3154880500001 0.99958374911811354 1.00000000000000005E-004
1393.3215299300000 0.99957217799329434 1.00000000000000005E-004
1393.3275718400000 0.99956011731696737 1.00000000000000005E-004
1393.3336137700001 0.99954753906695404 1.00000000000000005E-004
1393.3396557300000 0.99953441317186709 1.00000000000000005E-004
1393.3456977200001 0.99952070734963627 1.00000000000000005E-004
1393.3517397300000 0.99950638691125959 1.00000000000000005E-004
1393.3577817700000 0.99949141452536094 1.00000000000000005E-004
1393.3638238300000 0.99947574997671051 1.00000000000000005E-004
1393.3698659199999 0.99945934988966745 1.00000000000000005E-004
1393.3759080400000 0.99944216744513803 1.00000000000000005E-004
1393.3819501800001 0.99942415204675039 1.00000000000000005E-004
1393.3879923500001 0.99940524892739158 1.00000000000000005E-004
1393.3940345399999 0.99938539873487320 1.00000000000000005E-004
1393.4000767600000 0.99936453705740391 1.00000000000000005E-004
1393.4061190100001 0.99934259392143399 1.00000000000000005E-004
1393.4121612800000 0.99931949320085911 1.00000000000000005E-004
1393.4182035800000 0.99929515191855056 1.00000000000000005E-004
1393.4242459100001 0.99926947953195677 1.00000000000000005E-004
1393.4302882600000 0.99924237709242025 1.00000000000000005E-004
1393.4363306400001 0.99921373625804044 1.00000000000000005E-004
1393.4423730399999 0.99918343820947664 1.00000000000000005E-004
1393.4484154700001 0.99915135239960839 1.00000000000000005E-004
1393.4544579300000 0.99911733517304357 1.00000000000000005E-004
1393.4605004099999 0.99908122814568079 1.00000000000000005E-004
1393.4665429199999 0.99904285629567968 1.00000000000000005E-004
1393.4725854599999 0.99900202588609199 1.00000000000000005E-004
1393.4786280200001 0.99895852202206825 1.00000000000000005E-004
1393.4846706000001 0.99891210568510447 1.00000000000000005E-004
1393.4907132200001 0.99886251046559194 1.00000000000000005E-004
1393.4967558599999 0.99880943883749251 1.00000000000000005E-004
1393.5027985199999 0.99875255750430292 1.00000000000000005E-004
1393.5088412200000 0.99869149210561936 1.00000000000000005E-004
1393.5148839399999 0.99862582118411747 1.00000000000000005E-004
1393.5209266800000 0.99855506868862409 1.00000000000000005E-004
1393.5269694500000 0.99847869515187715 1.00000000000000005E-004
1393.5330122500000 0.99839608747369535 1.00000000000000005E-004
1393.5390550699999 0.99830654645275341 1.00000000000000005E-004
1393.5450979200000 0.99820927165834794 1.00000000000000005E-004
1393.5511408000000 0.99810334342773255 1.00000000000000005E-004
1393.5571837000000 0.99798770084423960 1.00000000000000005E-004
1393.5632266299999 0.99786111464860305 1.00000000000000005E-004
1393.5692695800001 0.99772215405148590 1.00000000000000005E-004
1393.5753125599999 0.99756914554174514 1.00000000000000005E-004
1393.5813555699999 0.99740012172345593 1.00000000000000005E-004
1393.5873985999999 0.99721275681056942 1.00000000000000005E-004
1393.5934416600001 0.99700428461530100 1.00000000000000005E-004
1393.5994847500001 0.99677139436063811 1.00000000000000005E-004
1393.6055278599999 0.99651009601042506 1.00000000000000005E-004
1393.6115709999999 0.99621554446455640 1.00000000000000005E-004
1393.6176141599999 0.99588180832647522 1.00000000000000005E-004
1393.6236573500000 0.99550156147348023 1.00000000000000005E-004
1393.6297005700001 0.99506566706682020 1.00000000000000005E-004
1393.6357438099999 0.99456260708973698 1.00000000000000005E-004
1393.6417870800001 0.99397768744750092 1.00000000000000005E-004
1393.6478303800000 0.99329191319256649 1.00000000000000005E-004
1393.6538737000001 0.99248036120643335 1.00000000000000005E-004
1393.6599170500001 0.99150977167162047 1.00000000000000005E-004
1393.6659604199999 0.99033489138176545 1.00000000000000005E-004
1393.6720038200001 0.98889274606765309 1.00000000000000005E-004
1393.6780472500000 0.98709333411655653 1.00000000000000005E-004
1393.6840907000001 0.98480373986912084 1.00000000000000005E-004
1393.6901341800001 0.98181809115747032 1.00000000000000005E-004
1393.6961776799999 0.97777690226369041 1.00000000000000005E-004
1393.7022212100001 0.97177011805433999 1.00000000000000005E-004
1393.7082647699999 0.96014304530467431 1.00000000000000005E-004
1393.7143083500000 0.92858598044026930 1.00000000000000005E-004
1393.7203519600000 0.84108197316588162 1.00000000000000005E-004
1393.7263955999999 0.65807268859901014 1.00000000000000005E-004
1393.7324392600001 0.40320946111766448 1.00000000000000005E-004
1393.7384829499999 0.17733404032933889 1.00000000000000005E-004
1393.7445266600000 5.25081521906981610E-002 1.00000000000000005E-004
1393.7505704099999 1.00224918913583167E-002 1.00000000000000005E-004
1393.7566141699999 1.25024819203962880E-003 1.00000000000000005E-004
1393.7626579700000 8.87122707474046640E-004 1.00000000000000005E-004
1393.7687017799999 7.26997707254709372E-003 1.00000000000000005E-004
1393.7747456300001 4.11364645548696270E-002 1.00000000000000005E-004
1393.7807895000001 0.14917204658091684 1.00000000000000005E-004
1393.7868334000000 0.36094212744973309 1.00000000000000005E-004
1393.7928773199999 0.61900602186776998 1.00000000000000005E-004
1393.7989212699999 0.81812761080031204 1.00000000000000005E-004
1393.8049652499999 0.91928419468992539 1.00000000000000005E-004
1393.8110092500001 0.95689339177146160 1.00000000000000005E-004
1393.8170532800000 0.97034011538914189 1.00000000000000005E-004
1393.8230973400000 0.97689518037959433 1.00000000000000005E-004
1393.8291414200000 0.98118604499010675 1.00000000000000005E-004
1393.8351855300000 0.98432670355955210 1.00000000000000005E-004
1393.8412296600000 0.98672285533418347 1.00000000000000005E-004
1393.8472738200001 0.98859867246365496 1.00000000000000005E-004
1393.8533180100001 0.99009722771684705 1.00000000000000005E-004
1393.8593622200001 0.99131475267303459 1.00000000000000005E-004
1393.8654064600000 0.99231822806924086 1.00000000000000005E-004
1393.8714507200000 0.99315557644403496 1.00000000000000005E-004
1393.8774950100001 0.99386188849118962 1.00000000000000005E-004
1393.8835393300001 0.99446337413260355 1.00000000000000005E-004
1393.8895836800000 0.99497995094020730 1.00000000000000005E-004
1393.8956280400000 0.99542698807923380 1.00000000000000005E-004
1393.9016724400001 0.99581650683086165 1.00000000000000005E-004
1393.9077168599999 0.99615802339133286 1.00000000000000005E-004
1393.9137613099999 0.99645915377495875 1.00000000000000005E-004
1393.9198057900001 0.99672605391597280 1.00000000000000005E-004
1393.9258502900000 0.99696374452896352 1.00000000000000005E-004
1393.9318948099999 0.99717635498652968 1.00000000000000005E-004
1393.9379393700001 0.99736730719750311 1.00000000000000005E-004
1393.9439839500001 0.99753945627615959 1.00000000000000005E-004
1393.9500285500001 0.99769520039158721 1.00000000000000005E-004
1393.9560731800000 0.99783656628526107 1.00000000000000005E-004
1393.9621178400000 0.99796527612332819 1.00000000000000005E-004
1393.9681625300000 0.99808280085274104 1.00000000000000005E-004
1393.9742072399999 0.99819040315143215 1.00000000000000005E-004
1393.9802519699999 0.99828917216206570 1.00000000000000005E-004
1393.9862967399999 0.99838005128903451 1.00000000000000005E-004
1393.9923415300000 0.99846386080439131 1.00000000000000005E-004
1393.9983863400000 0.99854131689432502 1.00000000000000005E-004
1394.0044311800000 0.99861304724137812 1.00000000000000005E-004
1394.0104760500001 0.99867960367442099 1.00000000000000005E-004
1394.0165209400000 0.99874147294852367 1.00000000000000005E-004
1394.0225658600000 0.99879908585211552 1.00000000000000005E-004
1394.0286108099999 0.99885282469061487 1.00000000000000005E-004
1394.0346557800001 0.99890302969788614 1.00000000000000005E-004
1394.0407007800000 0.99895000455180272 1.00000000000000005E-004
1394.0467458099999 0.99899402092919776 1.00000000000000005E-004
1394.0527908600000 0.99903532246779581 1.00000000000000005E-004
1394.0588359400001 0.99907412821731079 1.00000000000000005E-004
1394.0648810400000 0.99911063555209190 1.00000000000000005E-004
1394.0709261699999 0.99914502270753058 1.00000000000000005E-004
1394.0769713300001 0.99917745093066479 1.00000000000000005E-004
1394.0830165100001 0.99920806638859117 1.00000000000000005E-004
1394.0890617200000 0.99923700186532927 1.00000000000000005E-004
1394.0951069499999 0.99926437819924807 1.00000000000000005E-004
1394.1011522100000 0.99929030555768528 1.00000000000000005E-004
1394.1071975000000 0.99931488452193706 1.00000000000000005E-004
1394.1132428100000 0.99933820707488896 1.00000000000000005E-004
1394.1192881500001 0.99936035750338192 1.00000000000000005E-004
1394.1253335199999 0.99938141312689799 1.00000000000000005E-004
1394.1313789100000 0.99940144497473249 1.00000000000000005E-004
1394.1374243299999 0.99942051841234203 1.00000000000000005E-004
1394.1434697699999 0.99943869367021498 1.00000000000000005E-004
1394.1495152400000 0.99945602632534503 1.00000000000000005E-004
1394.1555607400001 0.99947256770806381 1.00000000000000005E-004
1394.1616062600001 0.99948836528783569 1.00000000000000005E-004
1394.1676518100001 0.99950346304019566 1.00000000000000005E-004
1394.1736973899999 0.99951790172912414 1.00000000000000005E-004
1394.1797429900000 0.99953171918239359 1.00000000000000005E-004
1394.1857886200000 0.99954495055688897 1.00000000000000005E-004
1394.1918342700001 0.99955762855841224 1.00000000000000005E-004
1394.1978799500000 0.99956978364723847 1.00000000000000005E-004
1394.2039256600001 0.99958144420783723 1.00000000000000005E-004
1394.2099713900000 0.99959263671798704 1.00000000000000005E-004
1394.2160171500000 0.99960338591670816 1.00000000000000005E-004
1394.2220629399999 0.99961371492266515 1.00000000000000005E-004
1394.2281087500000 0.99962364535591097 1.00000000000000005E-004
1394.2341545800000 0.99963319747925494 1.00000000000000005E-004
1394.2402004500000 0.99964239028931512 1.00000000000000005E-004
1394.2462463400000 0.99965124158928476 1.00000000000000005E-004
1394.2522922600001 0.99965976809064327 1.00000000000000005E-004
1394.2583382000000 0.99966798549961444 1.00000000000000005E-004
1394.2643841700001 0.99967590858500699 1.00000000000000005E-004
1394.2704301599999 0.99968355124416963 1.00000000000000005E-004
1394.2764761799999 0.99969092656675584 1.00000000000000005E-004
1394.2825222300000 0.99969804688284392 1.00000000000000005E-004
1394.2885683000000 0.99970492381601872 1.00000000000000005E-004
1394.2946144000000 0.99971156834152763 1.00000000000000005E-004
1394.3006605300000 0.99971799081961954 1.00000000000000005E-004
1394.3067066799999 0.99972420103640569 1.00000000000000005E-004
1394.3127528600000 0.99973020825048708 1.00000000000000005E-004
1394.3187990700001 0.99973602121734040 1.00000000000000005E-004
1394.3248453000001 0.99974164821965761 1.00000000000000005E-004
1394.3308915499999 0.99974709711249687 1.00000000000000005E-004
1394.3369378400000 0.99975237534299666 1.00000000000000005E-004
1394.3429841499999 0.99975748996133451 1.00000000000000005E-004
1394.3490304800000 0.99976244765955868 1.00000000000000005E-004
1394.3550768400000 0.99976725480002138 1.00000000000000005E-004
1394.3611232300000 0.99977191742353899 1.00000000000000005E-004
1394.3671696500001 0.99977644126417820 1.00000000000000005E-004
1394.3732160899999 0.99978083177214250 1.00000000000000005E-004
1394.3792625500000 0.99978509414063266 1.00000000000000005E-004
1394.3853090499999 0.99978923331447656 1.00000000000000005E-004
1394.3913555700001 0.99979325399293939 1.00000000000000005E-004
1394.3974021100000 0.99979716065508528 1.00000000000000005E-004
1394.4034486800001 0.99980095757745113 1.00000000000000005E-004
1394.4094952800001 0.99980464883611697 1.00000000000000005E-004
1394.4155419100000 0.99980823831429333 1.00000000000000005E-004
1394.4215885599999 0.99981172971665133 1.00000000000000005E-004
1394.4276352300001 0.99981512658718197 1.00000000000000005E-004
1394.4336819400000 0.99981843231288547 1.00000000000000005E-004
1394.4397286700000 0.99982165012303359 1.00000000000000005E-004
1394.4457754200000 0.99982478310648348 1.00000000000000005E-004
1394.4518221999999 0.99982783422295529 1.00000000000000005E-004
1394.4578690100000 0.99983080630167176 1.00000000000000005E-004
1394.4639158400000 0.99983370204991151 1.00000000000000005E-004
1394.4699627099999 0.99983652405930945 1.00000000000000005E-004
1394.4760095900001 0.99983927480999979 1.00000000000000005E-004
1394.4820565000000 0.99984195668337750 1.00000000000000005E-004
1394.4881034400000 0.99984457196379417 1.00000000000000005E-004
1394.4941504100000 0.99984712283722033 1.00000000000000005E-004
1394.5001973999999 0.99984961140001216 1.00000000000000005E-004
1394.5062444200000 0.99985203966544145 1.00000000000000005E-004
1394.5122914599999 0.99985440956670790 1.00000000000000005E-004
1394.5183385299999 0.99985672296127681 1.00000000000000005E-004
1394.5243856300001 0.99985898163185505 1.00000000000000005E-004
1394.5304327500000 0.99986118728995954 1.00000000000000005E-004
1394.5364798999999 0.99986334158177170 1.00000000000000005E-004
1394.5425270700000 0.99986544609058481 1.00000000000000005E-004
1394.5485742700000 0.99986750234043553 1.00000000000000005E-004
1394.5546214999999 0.99986951179698669 1.00000000000000005E-004
1394.5606687600000 0.99987147586725866 1.00000000000000005E-004
1394.5667160300000 0.99987339590692637 1.00000000000000005E-004
1394.5727633399999 0.99987527322472547 1.00000000000000005E-004
1394.5788106699999 0.99987710907952332 1.00000000000000005E-004
1394.5848580300001 0.99987890468368046 1.00000000000000005E-004
1394.5909054199999 0.99988066120513830 1.00000000000000005E-004
1394.5969528300000 0.99988237976831695 1.00000000000000005E-004
1394.6030002600000 0.99988406146041775 1.00000000000000005E-004
1394.6090477299999 0.99988570733077387 1.00000000000000005E-004
1394.6150952200001 0.99988731838796108 1.00000000000000005E-004
1394.6211427300000 0.99988889560604666 1.00000000000000005E-004
1394.6271902700000 0.99989043992815996 1.00000000000000005E-004
1394.6332378400000 0.99989195226410821 1.00000000000000005E-004
1394.6392854400001 0.99989343349047166 1.00000000000000005E-004
1394.6453330600000 0.99989488445383623 1.00000000000000005E-004
1394.6513807100000 0.99989630597308610 1.00000000000000005E-004
1394.6574283800001 0.99989769883974400 1.00000000000000005E-004
1394.6634760800000 0.99989906381901195 1.00000000000000005E-004
1394.6695238000000 0.99990040165133531 1.00000000000000005E-004
1394.6755715600000 0.99990171305196429 1.00000000000000005E-004
1394.6816193300001 0.99990299871208776 1.00000000000000005E-004
1394.6876671400000 0.99990425930157700 1.00000000000000005E-004
1394.6937149700000 0.99990549546759588 1.00000000000000005E-004
1394.6997628199999 0.99990670783729962 1.00000000000000005E-004
1394.7058107099999 0.99990789701888472 1.00000000000000005E-004
1394.7118586199999 0.99990906359871834 1.00000000000000005E-004
1394.7179065500000 0.99991020814532172 1.00000000000000005E-004
1394.7239545100001 0.99991133121155584 1.00000000000000005E-004
1394.7300025000000 0.99991243333251845 1.00000000000000005E-004
1394.7360505199999 0.99991351502516279 1.00000000000000005E-004
1394.7420985599999 0.99991457679003704 1.00000000000000005E-004
1394.7481466199999 0.99991561911427351 1.00000000000000005E-004
1394.7541947200000 0.99991664247033107 1.00000000000000005E-004
1394.7602428299999 0.99991764731535315 1.00000000000000005E-004
1394.7662909799999 0.99991863409365989 1.00000000000000005E-004
1394.7723391500001 0.99991960323583340 1.00000000000000005E-004
1394.7783873500000 0.99992055515913958 1.00000000000000005E-004
1394.7844355699999 0.99992149026914745 1.00000000000000005E-004
1394.7904838200000 0.99992240896011253 1.00000000000000005E-004
1394.7965320999999 0.99992331161425840 1.00000000000000005E-004
1394.8025803999999 0.99992419860230797 1.00000000000000005E-004
1394.8086287300000 0.99992507028521382 1.00000000000000005E-004
1394.8146770900000 0.99992592701306293 1.00000000000000005E-004
1394.8207254700001 0.99992676912514511 1.00000000000000005E-004
1394.8267738699999 0.99992759695259359 1.00000000000000005E-004
1394.8328223100000 0.99992841081763473 1.00000000000000005E-004
1394.8388707700001 0.99992921103174948 1.00000000000000005E-004
1394.8449192500000 0.99992999789845838 1.00000000000000005E-004
1394.8509677699999 0.99993077171338818 1.00000000000000005E-004
1394.8570162999999 0.99993153276336344 1.00000000000000005E-004
1394.8630648700000 0.99993228132803791 1.00000000000000005E-004
1394.8691134600001 0.99993301767906073 1.00000000000000005E-004
1394.8751620800001 0.99993374208029939 1.00000000000000005E-004
1394.8812107199999 0.99993445478897425 1.00000000000000005E-004
1394.8872593900001 0.99993515605586325 1.00000000000000005E-004
1394.8933080899999 0.99993584612463837 1.00000000000000005E-004
1394.8993568100000 0.99993652523207321 1.00000000000000005E-004
1394.9054055600000 0.99993719360905342 1.00000000000000005E-004
1394.9114543300000 0.99993785148056735 1.00000000000000005E-004
1394.9175031299999 0.99993849906605026 1.00000000000000005E-004
1394.9235519599999 1.0000000000000000 1.00000000000000005E-004
1394.9296008100000 1.0000000000000000 1.00000000000000005E-004
1394.9356496900000 1.0000000000000000 1.00000000000000005E-004
1394.9416986000001 1.0000000000000000 1.00000000000000005E-004
1394.9477475300000 1.0000000000000000 1.00000000000000005E-004
1394.9537964900001 1.0000000000000000 1.00000000000000005E-004
1394.9598454699999 1.0000000000000000 1.00000000000000005E-004
1394.9658944800001 1.0000000000000000 1.00000000000000005E-004
1394.9719435200000 1.0000000000000000 1.00000000000000005E-004
1394.9779925900000 1.0000000000000000 1.00000000000000005E-004
1394.9840416699999 1.0000000000000000 1.00000000000000005E-004
1394.9900907900001 1.0000000000000000 1.00000000000000005E-004
1394.9961399300000 1.0000000000000000 1.00000000000000005E-004
1395.0021890999999 1.0000000000000000 1.00000000000000005E-004
1395.0082382900000 1.0000000000000000 1.00000000000000005E-004
1395.0142875199999 1.0000000000000000 1.00000000000000005E-004
1395.0203367600000 1.0000000000000000 1.00000000000000005E-004
1395.0263860299999 1.0000000000000000 1.00000000000000005E-004
1395.0324353300000 1.0000000000000000 1.00000000000000005E-004
1395.0384846600000 1.0000000000000000 1.00000000000000005E-004
