3381.6236584700000 1.0000000000000000 1.00000000000000005E-004
3381.6383223100001 1.0000000000000000 1.00000000000000005E-004
3381.6529862200000 1.0000000000000000 1.00000000000000005E-004
3381.6676502000000 1.0000000000000000 1.00000000000000005E-004
3381.6823142399999 1.0000000000000000 1.00000000000000005E-004
3381.6969783400000 1.0000000000000000 1.00000000000000005E-004
3381.7116424999999 1.0000000000000000 1.00000000000000005E-004
3381.7263067300000 1.0000000000000000 1.00000000000000005E-004
3381.7409710200000 1.0000000000000000 1.00000000000000005E-004
3381.7556353800001 1.0000000000000000 1.00000000000000005E-004
3381.7702998000000 1.0000000000000000 1.00000000000000005E-004
3381.7849642800002 1.0000000000000000 1.00000000000000005E-004
3381.7996288300001 1.0000000000000000 1.00000000000000005E-004
3381.8142934399998 1.0000000000000000 1.00000000000000005E-004
3381.8289581099998 1.0000000000000000 1.00000000000000005E-004
3381.8436228500000 1.0000000000000000 1.00000000000000005E-004
3381.8582876500000 1.0000000000000000 1.00000000000000005E-004
3381.8729525200001 1.0000000000000000 1.00000000000000005E-004
3381.8876174400002 1.0000000000000000 1.00000000000000005E-004
3381.9022824399999 1.0000000000000000 1.00000000000000005E-004
3381.9169474900000 0.99999999999990830 1.00000000000000005E-004
3381.9316126099998 0.99999999999593114 1.00000000000000005E-004
3381.9462777899998 0.99999999989635180 1.00000000000000005E-004
3381.9609430400001 0.99999999845819620 1.00000000000000005E-004
3381.9756083500001 0.99999998642122201 1.00000000000000005E-004
3381.9902737200000 0.99999992776600910 1.00000000000000005E-004
3382.0049391600000 0.99999976064410923 1.00000000000000005E-004
3382.0196046599999 0.99999948107473768 1.00000000000000005E-004
3382.0342702200001 0.99999920493049432 1.00000000000000005E-004
3382.0489358499999 0.99999904129525874 1.00000000000000005E-004
3382.0636015400000 0.99999897876163901 1.00000000000000005E-004
3382.0782672999999 0.99999895724936316 1.00000000000000005E-004
3382.0929331100001 0.99999894444623039 1.00000000000000005E-004
3382.1075989999999 0.99999893251595851 1.00000000000000005E-004
3382.1222649400002 0.99999892045754857 1.00000000000000005E-004
3382.1369309500001 0.99999890819659887 1.00000000000000005E-004
3382.1515970199998 0.99999889572566791 1.00000000000000005E-004
3382.1662631600002 0.99999888303986706 1.00000000000000005E-004
3382.1809293599999 0.99999887013423605 1.00000000000000005E-004
3382.1955956199999 0.99999885700366464 1.00000000000000005E-004
3382.2102619500001 0.99999884364289204 1.00000000000000005E-004
3382.2249283400001 0.99999883004650481 1.00000000000000005E-004
3382.2395947999998 0.99999881620893272 1.00000000000000005E-004
3382.2542613099999 0.99999880212443726 1.00000000000000005E-004
3382.2689279000001 0.99999878778710571 1.00000000000000005E-004
3382.2835945400002 0.99999877319085118 1.00000000000000005E-004
3382.2982612500000 0.99999875832940255 1.00000000000000005E-004
3382.3129280200001 0.99999874319629034 1.00000000000000005E-004
3382.3275948599999 0.99999872778485366 1.00000000000000005E-004
3382.3422617599999 0.99999871208822855 1.00000000000000005E-004
3382.3569287199998 0.99999869609933356 1.00000000000000005E-004
3382.3715957499999 0.99999867981086321 1.00000000000000005E-004
3382.3862628400002 0.99999866321529030 1.00000000000000005E-004
3382.4009299899999 0.99999864630484414 1.00000000000000005E-004
3382.4155972100002 0.99999862907150439 1.00000000000000005E-004
3382.4302644899999 0.99999861150699654 1.00000000000000005E-004
3382.4449318400002 0.99999859360278520 1.00000000000000005E-004
3382.4595992400000 0.99999857535005110 1.00000000000000005E-004
3382.4742667199998 0.99999855673968563 1.00000000000000005E-004
3382.4889342500001 0.99999853776228809 1.00000000000000005E-004
3382.5036018500000 0.99999851840814113 1.00000000000000005E-004
3382.5182695100002 0.99999849866720003 1.00000000000000005E-004
3382.5329372400001 0.99999847852908919 1.00000000000000005E-004
3382.5476050299999 0.99999845798308473 1.00000000000000005E-004
3382.5622728799999 0.99999843701809576 1.00000000000000005E-004
3382.5769408000001 0.99999841562264602 1.00000000000000005E-004
3382.5916087800001 0.99999839378486621 1.00000000000000005E-004
3382.6062768299998 0.99999837149248527 1.00000000000000005E-004
3382.6209449300000 0.99999834873279381 1.00000000000000005E-004
3382.6356131100001 0.99999832549263246 1.00000000000000005E-004
3382.6502813400002 0.99999830175838500 1.00000000000000005E-004
3382.6649496400000 0.99999827751594272 1.00000000000000005E-004
3382.6796180000001 0.99999825275068654 1.00000000000000005E-004
3382.6942864299999 0.99999822744747080 1.00000000000000005E-004
3382.7089549200000 0.99999820159060571 1.00000000000000005E-004
3382.7236234699999 0.99999817516381850 1.00000000000000005E-004
3382.7382920900000 0.99999814815022703 1.00000000000000005E-004
3382.7529607699998 0.99999812053233217 1.00000000000000005E-004
3382.7676295100000 0.99999809229197101 1.00000000000000005E-004
3382.7822983199999 0.99999806341028619 1.00000000000000005E-004
3382.7969671900000 0.99999803386770625 1.00000000000000005E-004
3382.8116361299999 0.99999800364391966 1.00000000000000005E-004
3382.8263051200001 0.99999797271781365 1.00000000000000005E-004
3382.8409741900000 0.99999794106745066 1.00000000000000005E-004
3382.8556433099998 0.99999790867003846 1.00000000000000005E-004
3382.8703125000002 0.99999787550187813 1.00000000000000005E-004
3382.8849817500000 0.99999784153831195 1.00000000000000005E-004
3382.8996510699999 0.99999780675369554 1.00000000000000005E-004
3382.9143204500001 0.99999777112134647 1.00000000000000005E-004
3382.9289899000000 0.99999773461349806 1.00000000000000005E-004
3382.9436593999999 0.99999769720123344 1.00000000000000005E-004
3382.9583289699999 0.99999765885440373 1.00000000000000005E-004
3382.9729986100001 0.99999761954160360 1.00000000000000005E-004
3382.9876683100001 0.99999757923012877 1.00000000000000005E-004
3383.0023380700000 0.99999753788586887 1.00000000000000005E-004
3383.0170078900001 0.99999749547321981 1.00000000000000005E-004
3383.0316777799999 0.99999745195501899 1.00000000000000005E-004
3383.0463477399999 0.99999740729250919 1.00000000000000005E-004
3383.0610177499998 0.99999736144522811 1.00000000000000005E-004
3383.0756878299999 0.99999731437086681 1.00000000000000005E-004
3383.0903579800001 0.99999726602523031 1.00000000000000005E-004
3383.1050281799999 0.99999721636213790 1.00000000000000005E-004
3383.1196984500002 0.99999716533324379 1.00000000000000005E-004
3383.1343687899998 0.99999711288797644 1.00000000000000005E-004
3383.1490391900002 0.99999705897344160 1.00000000000000005E-004
3383.1637096499999 0.99999700353424148 1.00000000000000005E-004
3383.1783801699999 0.99999694651230842 1.00000000000000005E-004
3383.1930507600000 0.99999688784678231 1.00000000000000005E-004
3383.2077214100000 0.99999682747386276 1.00000000000000005E-004
3383.2223921300001 0.99999676532662851 1.00000000000000005E-004
3383.2370629100001 0.99999670133486018 1.00000000000000005E-004
3383.2517337499999 0.99999663542480766 1.00000000000000005E-004
3383.2664046599998 0.99999656751898169 1.00000000000000005E-004
3383.2810756300000 0.99999649753595632 1.00000000000000005E-004
3383.2957466700000 0.99999642539013189 1.00000000000000005E-004
3383.3104177599998 0.99999635099144579 1.00000000000000005E-004
3383.3250889199999 0.99999627424503823 1.00000000000000005E-004
3383.3397601500001 0.99999619505102411 1.00000000000000005E-004
3383.3544314400001 0.99999611330420457 1.00000000000000005E-004
3383.3691027899999 0.99999602889363015 1.00000000000000005E-004
3383.3837742100000 0.99999594170223183 1.00000000000000005E-004
3383.3984456899998 0.99999585160647197 1.00000000000000005E-004
3383.4131172299999 0.99999575847585476 1.00000000000000005E-004
3383.4277888400002 0.99999566217244962 1.00000000000000005E-004
3383.4424605099998 0.99999556255043665 1.00000000000000005E-004
3383.4571322400002 0.99999545945549639 1.00000000000000005E-004
3383.4718040399998 0.99999535272420736 1.00000000000000005E-004
3383.4864759000002 0.99999524218346447 1.00000000000000005E-004
3383.5011478199999 0.99999512764970822 1.00000000000000005E-004
3383.5158198099998 0.99999500892815096 1.00000000000000005E-004
3383.5304918600000 0.99999488581199936 1.00000000000000005E-004
3383.5451639799999 0.99999475808154126 1.00000000000000005E-004
3383.5598361600000 0.99999462550317897 1.00000000000000005E-004
3383.5745084000000 0.99999448782829647 1.00000000000000005E-004
3383.5891807100002 0.99999434479209870 1.00000000000000005E-004
3383.6038530800001 0.99999419611241780 1.00000000000000005E-004
3383.6185255099999 0.99999404148823245 1.00000000000000005E-004
3383.6331980099999 0.99999388059812311 1.00000000000000005E-004
3383.6478705700001 0.99999371309867868 1.00000000000000005E-004
3383.6625432000001 0.99999353862266327 1.00000000000000005E-004
3383.6772158799999 0.99999335677690837 1.00000000000000005E-004
3383.6918886399999 0.99999316714009556 1.00000000000000005E-004
3383.7065614500002 0.99999296926042403 1.00000000000000005E-004
3383.7212343299998 0.99999276265272852 1.00000000000000005E-004
3383.7359072700001 0.99999254679282856 1.00000000000000005E-004
3383.7505802800001 0.99999232104905500 1.00000000000000005E-004
3383.7652533500000 0.99999208380444560 1.00000000000000005E-004
3383.7799264800001 0.99999182640736783 1.00000000000000005E-004
3383.7945996799999 0.99999151481382664 1.00000000000000005E-004
3383.8092729400000 0.99999108404712089 1.00000000000000005E-004
3383.8239462699999 0.99999050857518867 1.00000000000000005E-004
3383.8386196599999 0.99998985984070854 1.00000000000000005E-004
3383.8532931099999 0.99998919145397014 1.00000000000000005E-004
3383.8679666200001 0.99998848622534320 1.00000000000000005E-004
3383.8826402000000 0.99998778976648162 1.00000000000000005E-004
3383.8973138500000 0.99998718370989892 1.00000000000000005E-004
3383.9119875500000 0.99998665841998313 1.00000000000000005E-004
3383.9266613200002 0.99998615199224661 1.00000000000000005E-004
3383.9413351600001 0.99998562302997918 1.00000000000000005E-004
3383.9560090499999 0.99998503478557244 1.00000000000000005E-004
3383.9706830099999 0.99998430602580579 1.00000000000000005E-004
3383.9853570400001 0.99998332969872561 1.00000000000000005E-004
3384.0000311300000 0.99998211631054801 1.00000000000000005E-004
3384.0147052799998 0.99998085897896860 1.00000000000000005E-004
3384.0293794899999 0.99997973532737661 1.00000000000000005E-004
3384.0440537700001 0.99997873821217975 1.00000000000000005E-004
3384.0587281200001 0.99997776648813674 1.00000000000000005E-004
3384.0734025199999 0.99997675196338343 1.00000000000000005E-004
3384.0880769900000 0.99997566997789922 1.00000000000000005E-004
3384.1027515300002 0.99997451082223376 1.00000000000000005E-004
3384.1174261199999 0.99997326664642894 1.00000000000000005E-004
3384.1321007800002 0.99997192889180797 1.00000000000000005E-004
3384.1467755100002 0.99997048790888743 1.00000000000000005E-004
3384.1614503000001 0.99996893276994203 1.00000000000000005E-004
3384.1761251500002 0.99996725105762563 1.00000000000000005E-004
3384.1908000600001 0.99996542861309046 1.00000000000000005E-004
3384.2054750399998 0.99996344923451597 1.00000000000000005E-004
3384.2201500800002 0.99996129431236380 1.00000000000000005E-004
3384.2348251899998 0.99995894238496741 1.00000000000000005E-004
3384.2495003600002 0.99995636859570602 1.00000000000000005E-004
3384.2641755899999 0.99995354402354930 1.00000000000000005E-004
3384.2788508899998 0.99995043485515867 1.00000000000000005E-004
3384.2935262500000 0.99994700135393810 1.00000000000000005E-004
3384.3082016799999 0.99994319656305930 1.00000000000000005E-004
3384.3228771700001 0.99993896466393695 1.00000000000000005E-004
3384.3375527200001 0.99993423887721289 1.00000000000000005E-004
3384.3522283299999 0.99992893875522915 1.00000000000000005E-004
3384.3669040099999 0.99992296666048874 1.00000000000000005E-004
3384.3815797500001 0.99991620312870377 1.00000000000000005E-004
3384.3962555600001 0.99990850068750603 1.00000000000000005E-004
3384.4109314299999 0.99989967551374437 1.00000000000000005E-004
3384.4256073600000 0.99988949600181976 1.00000000000000005E-004
3384.4402833600002 0.99987766686022539 1.00000000000000005E-004
3384.4549594199998 0.99986380658823115 1.00000000000000005E-004
3384.4696355500000 0.99984741490962681 1.00000000000000005E-004
3384.4843117400001 0.99982782460995356 1.00000000000000005E-004
3384.4989879899999 0.99980412839478749 1.00000000000000005E-004
3384.5136643000001 0.99977506433698438 1.00000000000000005E-004
3384.5283406799999 0.99973882971237804 1.00000000000000005E-004
3384.5430171200001 0.99969276292164222 1.00000000000000005E-004
3384.5576936299999 0.99963272978505691 1.00000000000000005E-004
3384.5723702000000 0.99955113577475130 1.00000000000000005E-004
3384.5870468300000 0.99942155325018200 1.00000000000000005E-004
3384.6017235300001 0.99905645622485195 1.00000000000000005E-004
3384.6164002900000 0.99711750022771928 1.00000000000000005E-004
3384.6310771200001 0.98670319308172083 1.00000000000000005E-004
3384.6457540100000 0.94495664616047115 1.00000000000000005E-004
3384.6604309600002 0.82957747558999495 1.00000000000000005E-004
3384.6751079700002 0.61598881675878325 1.00000000000000005E-004
3384.6897850500000 0.35554987913105185 1.00000000000000005E-004
3384.7044621900000 0.14912595390423994 1.00000000000000005E-004
3384.7191394000001 4.62866029282532135E-002 1.00000000000000005E-004
3384.7338166700001 2.93388037429869776E-002 1.00000000000000005E-004
3384.7484940099998 8.88003915818886963E-002 1.00000000000000005E-004
3384.7631713999999 0.24795076502609381 1.00000000000000005E-004
3384.7778488600002 0.49484221154738806 1.00000000000000005E-004
3384.7925263900001 0.74168976389296715 1.00000000000000005E-004
3384.8072039799999 0.90326055099877101 1.00000000000000005E-004
3384.8218816300000 0.97349212124055484 1.00000000000000005E-004
3384.8365593399999 0.99420690201448803 1.00000000000000005E-004
3384.8512371200000 0.99854979664334931 1.00000000000000005E-004
3384.8659149700002 0.99931146196734388 1.00000000000000005E-004
3384.8805928699999 0.99950072896697106 1.00000000000000005E-004
3384.8952708400002 0.99959826441654454 1.00000000000000005E-004
3384.9099488799998 0.99966695187321009 1.00000000000000005E-004
3384.9246269700002 0.99971885763319712 1.00000000000000005E-004
3384.9393051400002 0.99975925511382724 1.00000000000000005E-004
3384.9539833600002 0.99979138074507068 1.00000000000000005E-004
3384.9686616499998 0.99981738445763790 1.00000000000000005E-004
3384.9833400000002 0.99983874988768884 1.00000000000000005E-004
3384.9980184199999 0.99985653122233420 1.00000000000000005E-004
3385.0126968999998 0.99987149596594316 1.00000000000000005E-004
3385.0273754400000 0.99988421463364152 1.00000000000000005E-004
3385.0420540499999 0.99989511901088801 1.00000000000000005E-004
3385.0567327200001 0.99990454107908711 1.00000000000000005E-004
3385.0714114500001 0.99991273967988259 1.00000000000000005E-004
3385.0860902499999 0.99991991916147993 1.00000000000000005E-004
3385.1007691099999 0.99992624266761643 1.00000000000000005E-004
3385.1154480300002 0.99993184177958083 1.00000000000000005E-004
3385.1301270200001 0.99993682360856051 1.00000000000000005E-004
3385.1448060799999 0.99994127608103833 1.00000000000000005E-004
3385.1594851899999 0.99994527193906779 1.00000000000000005E-004
3385.1741643700002 0.99994887179812153 1.00000000000000005E-004
3385.1888436099998 0.99995212650177123 1.00000000000000005E-004
3385.2035229200001 0.99995507895853852 1.00000000000000005E-004
3385.2182022900001 0.99995776558830185 1.00000000000000005E-004
3385.2328817299999 0.99996021746861496 1.00000000000000005E-004
3385.2475612200001 0.99996246125201049 1.00000000000000005E-004
3385.2622407899999 0.99996451990310686 1.00000000000000005E-004
3385.2769204100000 0.99996641329484171 1.00000000000000005E-004
3385.2916000999999 0.99996815869715872 1.00000000000000005E-004
3385.3062798500000 0.99996977117674080 1.00000000000000005E-004
3385.3209596699999 0.99997126392590507 1.00000000000000005E-004
3385.3356395500000 0.99997264853621703 1.00000000000000005E-004
3385.3503194899999 0.99997393522740585 1.00000000000000005E-004
3385.3649995000001 0.99997513304715246 1.00000000000000005E-004
3385.3796795700000 0.99997625021250869 1.00000000000000005E-004
3385.3943597000002 0.99997729623197928 1.00000000000000005E-004
3385.4090399000002 0.99997829320410503 1.00000000000000005E-004
3385.4237201599999 0.99997930282455838 1.00000000000000005E-004
3385.4384004899998 0.99998042399950726 1.00000000000000005E-004
3385.4530808800000 0.99998168194498227 1.00000000000000005E-004
3385.4677613300000 0.99998292443399206 1.00000000000000005E-004
3385.4824418500002 0.99998395207751900 1.00000000000000005E-004
3385.4971224300002 0.99998472528997762 1.00000000000000005E-004
3385.5118030700000 0.99998534049718435 1.00000000000000005E-004
3385.5264837800000 0.99998588559412760 1.00000000000000005E-004
3385.5411645499998 0.99998639707462889 1.00000000000000005E-004
3385.5558453799999 0.99998689725900303 1.00000000000000005E-004
3385.5705262800002 0.99998743298041104 1.00000000000000005E-004
3385.5852072399998 0.99998806095635617 1.00000000000000005E-004
3385.5998882700001 0.99998875892493200 1.00000000000000005E-004
3385.6145693600001 0.99998943332508672 1.00000000000000005E-004
3385.6292505100000 0.99999006903726340 1.00000000000000005E-004
3385.6439317300001 0.99999069693301723 1.00000000000000005E-004
3385.6586130100000 0.99999125198384220 1.00000000000000005E-004
3385.6732943500001 0.99999166317456101 1.00000000000000005E-004
3385.6879757600000 0.99999196189700679 1.00000000000000005E-004
3385.7026572300001 0.99999221149975204 1.00000000000000005E-004
3385.7173387700000 0.99999244273812349 1.00000000000000005E-004
3385.7320203700001 0.99999266302990286 1.00000000000000005E-004
3385.7467020300001 0.99999287376884138 1.00000000000000005E-004
3385.7613837499998 0.99999307554763028 1.00000000000000005E-004
3385.7760655400002 0.99999326886936857 1.00000000000000005E-004
3385.7907473999999 0.99999345420046781 1.00000000000000005E-004
3385.8054293099999 0.99999363197552993 1.00000000000000005E-004
3385.8201112900001 0.99999380260014559 1.00000000000000005E-004
3385.8347933400000 0.99999396645300676 1.00000000000000005E-004
3385.8494754500002 0.99999412388792519 1.00000000000000005E-004
3385.8641576199998 0.99999427523591777 1.00000000000000005E-004
3385.8788398500001 0.99999442080700074 1.00000000000000005E-004
3385.8935221500001 0.99999456089169680 1.00000000000000005E-004
3385.9082045099999 0.99999469576244848 1.00000000000000005E-004
3385.9228869399999 0.99999482567496922 1.00000000000000005E-004
3385.9375694300002 0.99999495086945422 1.00000000000000005E-004
3385.9522519799998 0.99999507157175271 1.00000000000000005E-004
3385.9669346000001 0.99999518799438225 1.00000000000000005E-004
3385.9816172800001 0.99999530033741157 1.00000000000000005E-004
3385.9963000299999 0.99999540878933846 1.00000000000000005E-004
3386.0109828400000 0.99999551352786353 1.00000000000000005E-004
3386.0256657099999 0.99999561472065790 1.00000000000000005E-004
3386.0403486400000 0.99999571252608799 1.00000000000000005E-004
3386.0550316399999 0.99999580709378644 1.00000000000000005E-004
3386.0697147100000 0.99999589856514315 1.00000000000000005E-004
3386.0843978299999 0.99999598707389081 1.00000000000000005E-004
3386.0990810200001 0.99999607274669100 1.00000000000000005E-004
3386.1137642799999 0.99999615570347811 1.00000000000000005E-004
3386.1284475900002 0.99999623605788768 1.00000000000000005E-004
3386.1431309800000 0.99999631391770005 1.00000000000000005E-004
3386.1578144199998 0.99999638938514268 1.00000000000000005E-004
3386.1724979300002 0.99999646255727292 1.00000000000000005E-004
3386.1871815000000 0.99999653352629314 1.00000000000000005E-004
3386.2018651399999 0.99999660237980104 1.00000000000000005E-004
3386.2165488400001 0.99999666920106633 1.00000000000000005E-004
3386.2312326000001 0.99999673406931600 1.00000000000000005E-004
3386.2459164299999 0.99999679705996491 1.00000000000000005E-004
3386.2606003199999 0.99999685824479723 1.00000000000000005E-004
3386.2752842700002 0.99999691769220722 1.00000000000000005E-004
3386.2899682900002 0.99999697546739774 1.00000000000000005E-004
3386.3046523700000 0.99999703163252773 1.00000000000000005E-004
3386.3193365200000 0.99999708624688888 1.00000000000000005E-004
3386.3340207299998 0.99999713936705714 1.00000000000000005E-004
3386.3487049999999 0.99999719104706453 1.00000000000000005E-004
3386.3633893400001 0.99999724133853196 1.00000000000000005E-004
3386.3780737400002 0.99999729029076789 1.00000000000000005E-004
3386.3927582000001 0.99999733795091850 1.00000000000000005E-004
3386.4074427300002 0.99999738436408270 1.00000000000000005E-004
3386.4221273200001 0.99999742957339000 1.00000000000000005E-004
3386.4368119699998 0.99999747362012947 1.00000000000000005E-004
3386.4514966900001 0.99999751654384428 1.00000000000000005E-004
3386.4661814699998 0.99999755838240434 1.00000000000000005E-004
3386.4808663200001 0.99999759917209019 1.00000000000000005E-004
3386.4955512299998 0.99999763894767169 1.00000000000000005E-004
3386.5102361999998 0.99999767774249804 1.00000000000000005E-004
3386.5249212399999 0.99999771558856831 1.00000000000000005E-004
3386.5396063399999 0.99999775251656864 1.00000000000000005E-004
3386.5542915000001 0.99999778855596311 1.00000000000000005E-004
3386.5689767300000 0.99999782373505086 1.00000000000000005E-004
3386.5836620199998 0.99999785808100650 1.00000000000000005E-004
3386.5983473800002 0.99999789161993746 1.00000000000000005E-004
3386.6130327999999 0.99999792437692880 1.00000000000000005E-004
3386.6277182800000 0.99999795637610689 1.00000000000000005E-004
3386.6424038300001 0.99999798764068160 1.00000000000000005E-004
3386.6570894400002 0.99999801819296674 1.00000000000000005E-004
3386.6717751100000 0.99999804805444159 1.00000000000000005E-004
3386.6864608500000 0.99999807724578749 1.00000000000000005E-004
3386.7011466499998 0.99999810578690529 1.00000000000000005E-004
3386.7158325099999 0.99999813369697010 1.00000000000000005E-004
3386.7305184400002 0.99999816099446714 1.00000000000000005E-004
3386.7452044400002 0.99999818769718873 1.00000000000000005E-004
3386.7598904900001 0.99999821382228127 1.00000000000000005E-004
3386.7745766100002 0.99999823938629429 1.00000000000000005E-004
3386.7892627900001 0.99999826440519068 1.00000000000000005E-004
3386.8039490400001 0.99999828889436604 1.00000000000000005E-004
3386.8186353500000 0.99999831286867102 1.00000000000000005E-004
3386.8333217300001 0.99999833634243485 1.00000000000000005E-004
3386.8480081600001 0.99999835932949177 1.00000000000000005E-004
3386.8626946600002 0.99999838184322165 1.00000000000000005E-004
3386.8773812300001 0.99999840389653727 1.00000000000000005E-004
3386.8920678600002 0.99999842550190055 1.00000000000000005E-004
3386.9067545500002 0.99999844667136417 1.00000000000000005E-004
3386.9214413099999 0.99999846741658238 1.00000000000000005E-004
3386.9361281299998 0.99999848774881461 1.00000000000000005E-004
3386.9508150100000 0.99999850767895326 1.00000000000000005E-004
3386.9655019600000 0.99999852721753657 1.00000000000000005E-004
3386.9801889700002 0.99999854637475316 1.00000000000000005E-004
3386.9948760399998 0.99999856516046648 1.00000000000000005E-004
3387.0095631800000 0.99999858358423022 1.00000000000000005E-004
3387.0242503899999 0.99999860165528243 1.00000000000000005E-004
3387.0389376500002 0.99999861938256107 1.00000000000000005E-004
3387.0536249800002 0.99999863677473622 1.00000000000000005E-004
3387.0683123700001 0.99999865384020759 1.00000000000000005E-004
3387.0829998300001 0.99999867058710989 1.00000000000000005E-004
3387.0976873499999 0.99999868702332295 1.00000000000000005E-004
3387.1123749399999 0.99999870315648376 1.00000000000000005E-004
3387.1270625799998 0.99999871899399662 1.00000000000000005E-004
3387.1417502999998 0.99999873454304800 1.00000000000000005E-004
3387.1564380700001 0.99999874981059800 1.00000000000000005E-004
3387.1711259099998 0.99999876480340211 1.00000000000000005E-004
3387.1858138100001 0.99999877952801941 1.00000000000000005E-004
3387.2005017800002 0.99999879399080782 1.00000000000000005E-004
3387.2151898100001 0.99999880819793674 1.00000000000000005E-004
3387.2298778999998 0.99999882215539704 1.00000000000000005E-004
3387.2445660600001 0.99999883586901039 1.00000000000000005E-004
3387.2592542799998 0.99999884934442462 1.00000000000000005E-004
3387.2739425700001 0.99999886258712600 1.00000000000000005E-004
3387.2886309199998 0.99999887560243839 1.00000000000000005E-004
3387.3033193299998 0.99999888839553719 1.00000000000000005E-004
3387.3180078000000 0.99999890097145583 1.00000000000000005E-004
3387.3326963400000 0.99999891333509516 1.00000000000000005E-004
3387.3473849500001 0.99999892549157543 1.00000000000000005E-004
3387.3620736100002 0.99999893745834789 1.00000000000000005E-004
3387.3767623399999 0.99999894949132617 1.00000000000000005E-004
3387.3914511399998 0.99999896434021529 1.00000000000000005E-004
3387.4061400000001 0.99999899825368033 1.00000000000000005E-004
3387.4208289200001 0.99999909943338483 1.00000000000000005E-004
3387.4355178999999 0.99999932021399651 1.00000000000000005E-004
3387.4502069499999 0.99999961663596371 1.00000000000000005E-004
3387.4648960700001 0.99999985306030414 1.00000000000000005E-004
3387.4795852399998 0.99999996406802183 1.00000000000000005E-004
3387.4942744800001 0.99999999461203870 1.00000000000000005E-004
3387.5089637900001 0.99999999951688312 1.00000000000000005E-004
3387.5236531599999 0.99999999997452593 1.00000000000000005E-004
3387.5383425900000 0.99999999999921985 1.00000000000000005E-004
3387.5530320799999 1.0000000000000000 1.00000000000000005E-004
3387.5677216399999 1.0000000000000000 1.00000000000000005E-004
3387.5824112599998 1.0000000000000000 1.00000000000000005E-004
3387.5971009499999 1.0000000000000000 1.00000000000000005E-004
3387.6117906999998 1.0000000000000000 1.00000000000000005E-004
3387.6264805100000 1.0000000000000000 1.00000000000000005E-004
3387.6411703899998 1.0000000000000000 1.00000000000000005E-004
3387.6558603300000 1.0000000000000000 1.00000000000000005E-004
3387.6705503399999 1.0000000000000000 1.00000000000000005E-004
3387.6852404000001 1.0000000000000000 1.00000000000000005E-004
3387.6999305400000 1.0000000000000000 1.00000000000000005E-004
3387.7146207300002 1.0000000000000000 1.00000000000000005E-004
3387.7293109900002 1.0000000000000000 1.00000000000000005E-004
3387.7440013099999 1.0000000000000000 1.00000000000000005E-004
3387.7586916999999 1.0000000000000000 1.00000000000000005E-004
3387.7733821500001 1.0000000000000000 1.00000000000000005E-004
3387.7880726700000 1.0000000000000000 1.00000000000000005E-004
3387.8027632399999 1.0000000000000000 1.00000000000000005E-004
3387.8174538899998 1.0000000000000000 1.00000000000000005E-004
3387.8321445900001 1.0000000000000000 1.00000000000000005E-004
