3064.4273199099998 1.0000000000000000 1.00000000000000005E-004
3064.4406082900000 1.0000000000000000 1.00000000000000005E-004
3064.4538967200001 1.0000000000000000 1.00000000000000005E-004
3064.4671852100000 1.0000000000000000 1.00000000000000005E-004
3064.4804737700001 1.0000000000000000 1.00000000000000005E-004
3064.4937623699998 1.0000000000000000 1.00000000000000005E-004
3064.5070510400001 1.0000000000000000 1.00000000000000005E-004
3064.5203397599998 1.0000000000000000 1.00000000000000005E-004
3064.5336285499998 1.0000000000000000 1.00000000000000005E-004
3064.5469173800002 1.0000000000000000 1.00000000000000005E-004
3064.5602062799999 1.0000000000000000 1.00000000000000005E-004
3064.5734952399998 1.0000000000000000 1.00000000000000005E-004
3064.5867842500002 1.0000000000000000 1.00000000000000005E-004
3064.6000733199999 1.0000000000000000 1.00000000000000005E-004
3064.6133624399999 1.0000000000000000 1.00000000000000005E-004
3064.6266516300002 1.0000000000000000 1.00000000000000005E-004
3064.6399408699999 1.0000000000000000 1.00000000000000005E-004
3064.6532301699999 1.0000000000000000 1.00000000000000005E-004
3064.6665195300002 1.0000000000000000 1.00000000000000005E-004
3064.6798089399999 1.0000000000000000 1.00000000000000005E-004
3064.6930984199998 1.0000000000000000 1.00000000000000005E-004
3064.7063879500001 1.0000000000000000 1.00000000000000005E-004
3064.7196775399998 1.0000000000000000 1.00000000000000005E-004
3064.7329671799998 1.0000000000000000 1.00000000000000005E-004
3064.7462568900000 1.0000000000000000 1.00000000000000005E-004
3064.7595466500002 1.0000000000000000 1.00000000000000005E-004
3064.7728364599998 1.0000000000000000 1.00000000000000005E-004
3064.7861263400000 1.0000000000000000 1.00000000000000005E-004
3064.7994162800001 1.0000000000000000 1.00000000000000005E-004
3064.8127062700000 1.0000000000000000 1.00000000000000005E-004
3064.8259963199998 1.0000000000000000 1.00000000000000005E-004
3064.8392864200000 1.0000000000000000 1.00000000000000005E-004
3064.8525765899999 1.0000000000000000 1.00000000000000005E-004
3064.8658668100002 1.0000000000000000 1.00000000000000005E-004
3064.8791570899998 1.0000000000000000 1.00000000000000005E-004
3064.8924474300002 1.0000000000000000 1.00000000000000005E-004
3064.9057378200000 1.0000000000000000 1.00000000000000005E-004
3064.9190282700001 1.0000000000000000 1.00000000000000005E-004
3064.9323187800001 1.0000000000000000 1.00000000000000005E-004
3064.9456093499998 1.0000000000000000 1.00000000000000005E-004
3064.9588999799998 1.0000000000000000 1.00000000000000005E-004
3064.9721906599998 1.0000000000000000 1.00000000000000005E-004
3064.9854814000000 1.0000000000000000 1.00000000000000005E-004
3064.9987722000001 1.0000000000000000 1.00000000000000005E-004
3065.0120630599999 1.0000000000000000 1.00000000000000005E-004
3065.0253539700002 1.0000000000000000 1.00000000000000005E-004
3065.0386449399998 1.0000000000000000 1.00000000000000005E-004
3065.0519359700002 1.0000000000000000 1.00000000000000005E-004
3065.0652270599999 1.0000000000000000 1.00000000000000005E-004
3065.0785182000000 1.0000000000000000 1.00000000000000005E-004
3065.0918093999999 1.0000000000000000 1.00000000000000005E-004
3065.1051006600001 1.0000000000000000 1.00000000000000005E-004
3065.1183919800001 1.0000000000000000 1.00000000000000005E-004
3065.1316833500000 1.0000000000000000 1.00000000000000005E-004
3065.1449747900001 1.0000000000000000 1.00000000000000005E-004
3065.1582662800001 1.0000000000000000 1.00000000000000005E-004
3065.1715578200001 1.0000000000000000 1.00000000000000005E-004
3065.1848494300002 1.0000000000000000 1.00000000000000005E-004
3065.1981410899998 1.0000000000000000 1.00000000000000005E-004
3065.2114328100001 1.0000000000000000 1.00000000000000005E-004
3065.2247245899998 1.0000000000000000 1.00000000000000005E-004
3065.2380164299998 1.0000000000000000 1.00000000000000005E-004
3065.2513083200001 1.0000000000000000 1.00000000000000005E-004
3065.2646002699998 1.0000000000000000 1.00000000000000005E-004
3065.2778922799998 1.0000000000000000 1.00000000000000005E-004
3065.2911843500001 1.0000000000000000 1.00000000000000005E-004
3065.3044764699998 1.0000000000000000 1.00000000000000005E-004
3065.3177686499998 1.0000000000000000 1.00000000000000005E-004
3065.3310608900001 1.0000000000000000 1.00000000000000005E-004
3065.3443531900002 1.0000000000000000 1.00000000000000005E-004
3065.3576455399998 1.0000000000000000 1.00000000000000005E-004
3065.3709379600000 1.0000000000000000 1.00000000000000005E-004
3065.3842304300001 1.0000000000000000 1.00000000000000005E-004
3065.3975229500002 1.0000000000000000 1.00000000000000005E-004
3065.4108155399999 1.0000000000000000 1.00000000000000005E-004
3065.4241081800001 1.0000000000000000 1.00000000000000005E-004
3065.4374008800000 1.0000000000000000 1.00000000000000005E-004
3065.4506936399998 1.0000000000000000 1.00000000000000005E-004
3065.4639864599999 1.0000000000000000 1.00000000000000005E-004
3065.4772793299999 1.0000000000000000 1.00000000000000005E-004
3065.4905722600001 1.0000000000000000 1.00000000000000005E-004
3065.5038652500002 1.0000000000000000 1.00000000000000005E-004
3065.5171582900002 1.0000000000000000 1.00000000000000005E-004
3065.5304513999999 1.0000000000000000 1.00000000000000005E-004
3065.5437445600001 1.0000000000000000 1.00000000000000005E-004
3065.5570377800000 1.0000000000000000 1.00000000000000005E-004
3065.5703310600002 1.0000000000000000 1.00000000000000005E-004
3065.5836243899998 1.0000000000000000 1.00000000000000005E-004
3065.5969177799998 1.0000000000000000 1.00000000000000005E-004
3065.6102112300000 1.0000000000000000 1.00000000000000005E-004
3065.6235047400000 1.0000000000000000 1.00000000000000005E-004
3065.6367983099999 1.0000000000000000 1.00000000000000005E-004
3065.6500919300001 1.0000000000000000 1.00000000000000005E-004
3065.6633856100002 1.0000000000000000 1.00000000000000005E-004
3065.6766793500001 1.0000000000000000 1.00000000000000005E-004
3065.6899731399999 1.0000000000000000 1.00000000000000005E-004
3065.7032669999999 1.0000000000000000 1.00000000000000005E-004
3065.7165609100002 1.0000000000000000 1.00000000000000005E-004
3065.7298548799999 1.0000000000000000 1.00000000000000005E-004
3065.7431489000001 1.0000000000000000 1.00000000000000005E-004
3065.7564429899999 1.0000000000000000 1.00000000000000005E-004
3065.7697371300001 1.0000000000000000 1.00000000000000005E-004
3065.7830313300001 1.0000000000000000 1.00000000000000005E-004
3065.7963255800000 1.0000000000000000 1.00000000000000005E-004
3065.8096199000001 1.0000000000000000 1.00000000000000005E-004
3065.8229142700002 1.0000000000000000 1.00000000000000005E-004
3065.8362087000000 1.0000000000000000 1.00000000000000005E-004
3065.8495031900002 1.0000000000000000 1.00000000000000005E-004
3065.8627977299998 1.0000000000000000 1.00000000000000005E-004
3065.8760923300001 1.0000000000000000 1.00000000000000005E-004
3065.8893870000002 1.0000000000000000 1.00000000000000005E-004
3065.9026817099998 1.0000000000000000 1.00000000000000005E-004
3065.9159764900000 1.0000000000000000 1.00000000000000005E-004
3065.9292713200002 1.0000000000000000 1.00000000000000005E-004
3065.9425662100002 1.0000000000000000 1.00000000000000005E-004
3065.9558611600000 1.0000000000000000 1.00000000000000005E-004
3065.9691561700001 1.0000000000000000 1.00000000000000005E-004
3065.9824512300002 1.0000000000000000 1.00000000000000005E-004
3065.9957463500000 1.0000000000000000 1.00000000000000005E-004
3066.0090415300001 1.0000000000000000 1.00000000000000005E-004
3066.0223367700000 1.0000000000000000 1.00000000000000005E-004
3066.0356320599999 1.0000000000000000 1.00000000000000005E-004
3066.0489274199999 1.0000000000000000 1.00000000000000005E-004
3066.0622228299999 1.0000000000000000 1.00000000000000005E-004
3066.0755182900002 1.0000000000000000 1.00000000000000005E-004
3066.0888138199998 1.0000000000000000 1.00000000000000005E-004
3066.1021093999998 1.0000000000000000 1.00000000000000005E-004
3066.1154050400000 1.0000000000000000 1.00000000000000005E-004
3066.1287007400001 1.0000000000000000 1.00000000000000005E-004
3066.1419965000000 1.0000000000000000 1.00000000000000005E-004
3066.1552923099998 0.99999999999998013 1.00000000000000005E-004
3066.1685881799999 0.99999999999890221 1.00000000000000005E-004
3066.1818841099998 0.99999999996585531 1.00000000000000005E-004
3066.1951801000000 0.99999999938263429 1.00000000000000005E-004
3066.2084761400001 0.99999999342543300 1.00000000000000005E-004
3066.2217722400001 0.99999995803266661 1.00000000000000005E-004
3066.2350683999998 0.99999983510916290 1.00000000000000005E-004
3066.2483646199998 0.99999958412795931 1.00000000000000005E-004
3066.2616608899998 0.99999928017315898 1.00000000000000005E-004
3066.2749572299999 0.99999905648501042 1.00000000000000005E-004
3066.2882536200000 0.99999894674722711 1.00000000000000005E-004
3066.3015500600000 0.99999889672438902 1.00000000000000005E-004
3066.3148465700001 0.99999886185557518 1.00000000000000005E-004
3066.3281431300002 0.99999882800985285 1.00000000000000005E-004
3066.3414397500001 0.99999879285530180 1.00000000000000005E-004
3066.3547364299998 0.99999875610443667 1.00000000000000005E-004
3066.3680331700002 0.99999871764834747 1.00000000000000005E-004
3066.3813299600001 0.99999867737950621 1.00000000000000005E-004
3066.3946268099999 0.99999863518204135 1.00000000000000005E-004
3066.4079237199999 0.99999859093066912 1.00000000000000005E-004
3066.4212206900002 0.99999854448978098 1.00000000000000005E-004
3066.4345177099999 0.99999849571237764 1.00000000000000005E-004
3066.4478147899999 0.99999844443887287 1.00000000000000005E-004
3066.4611119299998 0.99999839049579897 1.00000000000000005E-004
3066.4744091299999 0.99999833369437097 1.00000000000000005E-004
3066.4877063800000 0.99999827382877449 1.00000000000000005E-004
3066.5010037000002 0.99999821067430039 1.00000000000000005E-004
3066.5143010699999 0.99999814398525888 1.00000000000000005E-004
3066.5275984999998 0.99999807349255943 1.00000000000000005E-004
3066.5408959800002 0.99999799890094099 1.00000000000000005E-004
3066.5541935199999 0.99999791988584552 1.00000000000000005E-004
3066.5674911299998 0.99999783608994341 1.00000000000000005E-004
3066.5807887800001 0.99999774711906919 1.00000000000000005E-004
3066.5940864999998 0.99999765253744244 1.00000000000000005E-004
3066.6073842699998 0.99999755186234263 1.00000000000000005E-004
3066.6206821100000 0.99999744455796524 1.00000000000000005E-004
3066.6339799900002 0.99999733002817104 1.00000000000000005E-004
3066.6472779400001 0.99999720760805111 1.00000000000000005E-004
3066.6605759499998 0.99999707655432035 1.00000000000000005E-004
3066.6738740100000 0.99999693603394346 1.00000000000000005E-004
3066.6871721299999 0.99999678511059931 1.00000000000000005E-004
3066.7004703100001 0.99999662272902912 1.00000000000000005E-004
3066.7137685399998 0.99999644769639351 1.00000000000000005E-004
3066.7270668299998 0.99999625865997321 1.00000000000000005E-004
3066.7403651800000 0.99999605408076664 1.00000000000000005E-004
3066.7536635900001 0.99999583220182375 1.00000000000000005E-004
3066.7669620600000 0.99999559101002078 1.00000000000000005E-004
3066.7802605799998 0.99999532818962633 1.00000000000000005E-004
3066.7935591599999 0.99999504106568760 1.00000000000000005E-004
3066.8068578000002 0.99999472653493915 1.00000000000000005E-004
3066.8201564999999 0.99999438098027649 1.00000000000000005E-004
3066.8334552500000 0.99999400015210549 1.00000000000000005E-004
3066.8467540600000 0.99999357879669626 1.00000000000000005E-004
3066.8600529300002 0.99999310801076746 1.00000000000000005E-004
3066.8733518600002 0.99999256181510043 1.00000000000000005E-004
3066.8866508500000 0.99999186697679154 1.00000000000000005E-004
3066.8999498899998 0.99999090619521691 1.00000000000000005E-004
3066.9132489899998 0.99998962953447124 1.00000000000000005E-004
3066.9265481500001 0.99998814597924979 1.00000000000000005E-004
3066.9398473599999 0.99998657108425237 1.00000000000000005E-004
3066.9531466300000 0.99998480577838467 1.00000000000000005E-004
3066.9664459700002 0.99998265839468803 1.00000000000000005E-004
3066.9797453500000 0.99998015609739921 1.00000000000000005E-004
3066.9930448000000 0.99997745455456122 1.00000000000000005E-004
3067.0063442999999 0.99997451746897237 1.00000000000000005E-004
3067.0196438700000 0.99997112664168197 1.00000000000000005E-004
3067.0329434800001 0.99996704077063003 1.00000000000000005E-004
3067.0462431599999 0.99996200639892685 1.00000000000000005E-004
3067.0595429000000 0.99995568847154914 1.00000000000000005E-004
3067.0728426900000 0.99994759052837334 1.00000000000000005E-004
3067.0861425399999 0.99993691976362664 1.00000000000000005E-004
3067.0994424500000 0.99992204941431706 1.00000000000000005E-004
3067.1127424100000 0.99989583667684589 1.00000000000000005E-004
3067.1260424299999 0.99980302721951209 1.00000000000000005E-004
3067.1393425100000 0.99924607695597667 1.00000000000000005E-004
3067.1526426500000 0.99608738529017660 1.00000000000000005E-004
3067.1659428500002 0.98232324922268432 1.00000000000000005E-004
3067.1792430999999 0.93849087009848620 1.00000000000000005E-004
3067.1925434099999 0.83848084785405197 1.00000000000000005E-004
3067.2058437800001 0.67788021913246876 1.00000000000000005E-004
3067.2191442100002 0.50351441279559439 1.00000000000000005E-004
3067.2324446900002 0.39639569532784180 1.00000000000000005E-004
3067.2457452399999 0.41352009945306883 1.00000000000000005E-004
3067.2590458400000 0.54555095985701207 1.00000000000000005E-004
3067.2723464900000 0.72362566138934414 1.00000000000000005E-004
3067.2856472100002 0.87076727036807877 1.00000000000000005E-004
3067.2989479799999 0.95424432530507841 1.00000000000000005E-004
3067.3122488099998 0.98775585925572507 1.00000000000000005E-004
3067.3255497000000 0.99743642188714088 1.00000000000000005E-004
3067.3388506400001 0.99949642989300524 1.00000000000000005E-004
3067.3521516500000 0.99984298253639625 1.00000000000000005E-004
3067.3654527100002 0.99990488111997955 1.00000000000000005E-004
3067.3787538299998 0.99992647510456822 1.00000000000000005E-004
3067.3920549999998 0.99993998682363661 1.00000000000000005E-004
3067.4053562399999 0.99994988915358585 1.00000000000000005E-004
3067.4186575300000 0.99995746617757597 1.00000000000000005E-004
3067.4319588799999 0.99996341270414213 1.00000000000000005E-004
3067.4452602900001 0.99996817498781487 1.00000000000000005E-004
3067.4585617500002 0.99997206387976023 1.00000000000000005E-004
3067.4718632700001 0.99997533659114712 1.00000000000000005E-004
3067.4851648499998 0.99997824450505246 1.00000000000000005E-004
3067.4984664899998 0.99998094131767057 1.00000000000000005E-004
3067.5117681900001 0.99998334257496768 1.00000000000000005E-004
3067.5250699399999 0.99998530247340089 1.00000000000000005E-004
3067.5383717499999 0.99998691503932513 1.00000000000000005E-004
3067.5516736200002 0.99998840577093806 1.00000000000000005E-004
3067.5649755499999 0.99998983471990099 1.00000000000000005E-004
3067.5782775299999 0.99999107519964892 1.00000000000000005E-004
3067.5915795699998 0.99999201923271674 1.00000000000000005E-004
3067.6048816699999 0.99999270379474181 1.00000000000000005E-004
3067.6181838299999 0.99999323807728568 1.00000000000000005E-004
3067.6314860399998 0.99999369637250790 1.00000000000000005E-004
3067.6447883199999 0.99999410632665042 1.00000000000000005E-004
3067.6580906499998 0.99999447712233047 1.00000000000000005E-004
3067.6713930300002 0.99999481386171096 1.00000000000000005E-004
3067.6846954799998 0.99999512061830631 1.00000000000000005E-004
3067.6979979799999 0.99999540085986383 1.00000000000000005E-004
3067.7113005400001 0.99999565756512776 1.00000000000000005E-004
3067.7246031599998 0.99999589330491612 1.00000000000000005E-004
3067.7379058400002 0.99999611030738833 1.00000000000000005E-004
3067.7512085700000 0.99999631051165416 1.00000000000000005E-004
3067.7645113600001 0.99999649561183801 1.00000000000000005E-004
3067.7778142100001 0.99999666709329493 1.00000000000000005E-004
3067.7911171199999 0.99999682626271824 1.00000000000000005E-004
3067.8044200800000 0.99999697427348078 1.00000000000000005E-004
3067.8177231099999 0.99999711214676601 1.00000000000000005E-004
3067.8310261900001 0.99999724078926022 1.00000000000000005E-004
3067.8443293199998 0.99999736100838277 1.00000000000000005E-004
3067.8576325200002 0.99999747352507906 1.00000000000000005E-004
3067.8709357700000 0.99999757898458441 1.00000000000000005E-004
3067.8842390800000 0.99999767796587335 1.00000000000000005E-004
3067.8975424499999 0.99999777098967568 1.00000000000000005E-004
3067.9108458800001 0.99999785852531642 1.00000000000000005E-004
3067.9241493599998 0.99999794099673456 1.00000000000000005E-004
3067.9374529000002 0.99999801878770134 1.00000000000000005E-004
3067.9507564999999 0.99999809224626623 1.00000000000000005E-004
3067.9640601599999 0.99999816168864408 1.00000000000000005E-004
3067.9773638699999 0.99999822740269773 1.00000000000000005E-004
3067.9906676500000 0.99999828965093751 1.00000000000000005E-004
3068.0039714800000 0.99999834867310533 1.00000000000000005E-004
3068.0172753600000 0.99999840468857071 1.00000000000000005E-004
3068.0305793100001 0.99999845789837627 1.00000000000000005E-004
3068.0438833100002 0.99999850848698879 1.00000000000000005E-004
3068.0571873700001 0.99999855662395232 1.00000000000000005E-004
3068.0704914900002 0.99999860246532046 1.00000000000000005E-004
3068.0837956700002 0.99999864615489253 1.00000000000000005E-004
3068.0970999000001 0.99999868782537149 1.00000000000000005E-004
3068.1104041899998 0.99999872759939901 1.00000000000000005E-004
3068.1237085399998 0.99999876559045120 1.00000000000000005E-004
3068.1370129500001 0.99999880190433565 1.00000000000000005E-004
3068.1503174099998 0.99999883666137490 1.00000000000000005E-004
3068.1636219299999 0.99999887035513269 1.00000000000000005E-004
3068.1769265100002 0.99999890701307603 1.00000000000000005E-004
3068.1902311499998 0.99999896741658523 1.00000000000000005E-004
3068.2035358500002 0.99999910455530339 1.00000000000000005E-004
3068.2168406000001 0.99999935947119944 1.00000000000000005E-004
3068.2301454100002 0.99999966322387912 1.00000000000000005E-004
3068.2434502800002 0.99999988103349358 1.00000000000000005E-004
3068.2567552000000 0.99999997338424496 1.00000000000000005E-004
3068.2700601900001 0.99999999636549886 1.00000000000000005E-004
3068.2833652300001 0.99999999970412146 1.00000000000000005E-004
3068.2966703299999 0.99999999998586586 1.00000000000000005E-004
3068.3099754899999 0.99999999999960909 1.00000000000000005E-004
3068.3232806999999 0.99999999999999456 1.00000000000000005E-004
3068.3365859700002 1.0000000000000000 1.00000000000000005E-004
3068.3498912999999 1.0000000000000000 1.00000000000000005E-004
3068.3631966900002 1.0000000000000000 1.00000000000000005E-004
3068.3765021400000 1.0000000000000000 1.00000000000000005E-004
3068.3898076400001 1.0000000000000000 1.00000000000000005E-004
3068.4031132000000 1.0000000000000000 1.00000000000000005E-004
3068.4164188200002 1.0000000000000000 1.00000000000000005E-004
3068.4297244899999 1.0000000000000000 1.00000000000000005E-004
3068.4430302300002 1.0000000000000000 1.00000000000000005E-004
3068.4563360200000 1.0000000000000000 1.00000000000000005E-004
3068.4696418700000 1.0000000000000000 1.00000000000000005E-004
3068.4829477799999 1.0000000000000000 1.00000000000000005E-004
3068.4962537400002 1.0000000000000000 1.00000000000000005E-004
3068.5095597599998 1.0000000000000000 1.00000000000000005E-004
3068.5228658400001 1.0000000000000000 1.00000000000000005E-004
3068.5361719799998 1.0000000000000000 1.00000000000000005E-004
3068.5494781799998 1.0000000000000000 1.00000000000000005E-004
3068.5627844300002 1.0000000000000000 1.00000000000000005E-004
3068.5760907399999 1.0000000000000000 1.00000000000000005E-004
3068.5893971099999 1.0000000000000000 1.00000000000000005E-004
3068.6027035299999 1.0000000000000000 1.00000000000000005E-004
3068.6160100200000 1.0000000000000000 1.00000000000000005E-004
3068.6293165600000 1.0000000000000000 1.00000000000000005E-004
3068.6426231599999 1.0000000000000000 1.00000000000000005E-004
3068.6559298200000 1.0000000000000000 1.00000000000000005E-004
3068.6692365300000 1.0000000000000000 1.00000000000000005E-004
3068.6825432999999 1.0000000000000000 1.00000000000000005E-004
3068.6958501300001 1.0000000000000000 1.00000000000000005E-004
3068.7091570200000 1.0000000000000000 1.00000000000000005E-004
3068.7224639699998 1.0000000000000000 1.00000000000000005E-004
3068.7357709700000 1.0000000000000000 1.00000000000000005E-004
3068.7490780300000 1.0000000000000000 1.00000000000000005E-004
3068.7623851499998 1.0000000000000000 1.00000000000000005E-004
3068.7756923299999 1.0000000000000000 1.00000000000000005E-004
3068.7889995599999 1.0000000000000000 1.00000000000000005E-004
3068.8023068500002 1.0000000000000000 1.00000000000000005E-004
3068.8156141999998 1.0000000000000000 1.00000000000000005E-004
3068.8289216100002 1.0000000000000000 1.00000000000000005E-004
3068.8422290700000 1.0000000000000000 1.00000000000000005E-004
3068.8555366000001 1.0000000000000000 1.00000000000000005E-004
3068.8688441800000 1.0000000000000000 1.00000000000000005E-004
3068.8821518099999 1.0000000000000000 1.00000000000000005E-004
3068.8954595099999 1.0000000000000000 1.00000000000000005E-004
3068.9087672599999 1.0000000000000000 1.00000000000000005E-004
3068.9220750700001 1.0000000000000000 1.00000000000000005E-004
3068.9353829400002 1.0000000000000000 1.00000000000000005E-004
3068.9486908700001 1.0000000000000000 1.00000000000000005E-004
3068.9619988499999 1.0000000000000000 1.00000000000000005E-004
3068.9753068900000 1.0000000000000000 1.00000000000000005E-004
3068.9886149899999 1.0000000000000000 1.00000000000000005E-004
3069.0019231500000 1.0000000000000000 1.00000000000000005E-004
3069.0152313700000 1.0000000000000000 1.00000000000000005E-004
3069.0285396400000 1.0000000000000000 1.00000000000000005E-004
3069.0418479700002 1.0000000000000000 1.00000000000000005E-004
3069.0551563600002 1.0000000000000000 1.00000000000000005E-004
3069.0684648000001 1.0000000000000000 1.00000000000000005E-004
3069.0817733099998 1.0000000000000000 1.00000000000000005E-004
3069.0950818699998 1.0000000000000000 1.00000000000000005E-004
3069.1083904900001 1.0000000000000000 1.00000000000000005E-004
3069.1216991599999 1.0000000000000000 1.00000000000000005E-004
3069.1350078999999 1.0000000000000000 1.00000000000000005E-004
3069.1483166899998 1.0000000000000000 1.00000000000000005E-004
3069.1616255399999 1.0000000000000000 1.00000000000000005E-004
3069.1749344499999 1.0000000000000000 1.00000000000000005E-004
3069.1882434099998 1.0000000000000000 1.00000000000000005E-004
3069.2015524399999 1.0000000000000000 1.00000000000000005E-004
3069.2148615199999 1.0000000000000000 1.00000000000000005E-004
3069.2281706600002 1.0000000000000000 1.00000000000000005E-004
3069.2414798499999 1.0000000000000000 1.00000000000000005E-004
3069.2547891099998 1.0000000000000000 1.00000000000000005E-004
3069.2680984200001 1.0000000000000000 1.00000000000000005E-004
3069.2814077899998 1.0000000000000000 1.00000000000000005E-004
3069.2947172099998 1.0000000000000000 1.00000000000000005E-004
3069.3080267000000 1.0000000000000000 1.00000000000000005E-004
3069.3213362400002 1.0000000000000000 1.00000000000000005E-004
3069.3346458400001 1.0000000000000000 1.00000000000000005E-004
3069.3479554999999 1.0000000000000000 1.00000000000000005E-004
3069.3612652100001 1.0000000000000000 1.00000000000000005E-004
3069.3745749899999 1.0000000000000000 1.00000000000000005E-004
3069.3878848200002 1.0000000000000000 1.00000000000000005E-004
3069.4011947099998 1.0000000000000000 1.00000000000000005E-004
3069.4145046499998 1.0000000000000000 1.00000000000000005E-004
3069.4278146600000 1.0000000000000000 1.00000000000000005E-004
3069.4411247200001 1.0000000000000000 1.00000000000000005E-004
3069.4544348400000 1.0000000000000000 1.00000000000000005E-004
3069.4677450200002 1.0000000000000000 1.00000000000000005E-004
3069.4810552499998 1.0000000000000000 1.00000000000000005E-004
3069.4943655400002 1.0000000000000000 1.00000000000000005E-004
3069.5076758999999 1.0000000000000000 1.00000000000000005E-004
3069.5209863000000 1.0000000000000000 1.00000000000000005E-004
3069.5342967699999 1.0000000000000000 1.00000000000000005E-004
3069.5476072900001 1.0000000000000000 1.00000000000000005E-004
3069.5609178700001 1.0000000000000000 1.00000000000000005E-004
3069.5742285100000 1.0000000000000000 1.00000000000000005E-004
3069.5875392100002 1.0000000000000000 1.00000000000000005E-004
3069.6008499599998 1.0000000000000000 1.00000000000000005E-004
3069.6141607800000 1.0000000000000000 1.00000000000000005E-004
3069.6274716500002 1.0000000000000000 1.00000000000000005E-004
3069.6407825699998 1.0000000000000000 1.00000000000000005E-004
3069.6540935600001 1.0000000000000000 1.00000000000000005E-004
3069.6674045999998 1.0000000000000000 1.00000000000000005E-004
3069.6807156999998 1.0000000000000000 1.00000000000000005E-004
3069.6940268600001 1.0000000000000000 1.00000000000000005E-004
3069.7073380800002 1.0000000000000000 1.00000000000000005E-004
3069.7206493499998 1.0000000000000000 1.00000000000000005E-004
3069.7339606800001 1.0000000000000000 1.00000000000000005E-004
3069.7472720699998 1.0000000000000000 1.00000000000000005E-004
3069.7605835200002 1.0000000000000000 1.00000000000000005E-004
3069.7738950200001 1.0000000000000000 1.00000000000000005E-004
3069.7872065900001 1.0000000000000000 1.00000000000000005E-004
3069.8005182100001 1.0000000000000000 1.00000000000000005E-004
3069.8138298899999 1.0000000000000000 1.00000000000000005E-004
3069.8271416200000 1.0000000000000000 1.00000000000000005E-004
3069.8404534199999 1.0000000000000000 1.00000000000000005E-004
3069.8537652700002 1.0000000000000000 1.00000000000000005E-004
3069.8670771799998 1.0000000000000000 1.00000000000000005E-004
3069.8803891399998 1.0000000000000000 1.00000000000000005E-004
3069.8937011700000 1.0000000000000000 1.00000000000000005E-004
3069.9070132500001 1.0000000000000000 1.00000000000000005E-004
3069.9203253900000 1.0000000000000000 1.00000000000000005E-004
3069.9336375900002 1.0000000000000000 1.00000000000000005E-004
3069.9469498399999 1.0000000000000000 1.00000000000000005E-004
3069.9602621499998 1.0000000000000000 1.00000000000000005E-004
3069.9735745200001 1.0000000000000000 1.00000000000000005E-004
3069.9868869500001 1.0000000000000000 1.00000000000000005E-004
3070.0001994400000 1.0000000000000000 1.00000000000000005E-004
3070.0135119800002 1.0000000000000000 1.00000000000000005E-004
3070.0268245799998 1.0000000000000000 1.00000000000000005E-004
3070.0401372400001 1.0000000000000000 1.00000000000000005E-004
3070.0534499599999 1.0000000000000000 1.00000000000000005E-004
