3071.0387512399998 1.0000000000000000 1.00000000000000005E-004
3071.0520682900001 1.0000000000000000 1.00000000000000005E-004
3071.0653853899998 1.0000000000000000 1.00000000000000005E-004
3071.0787025499999 1.0000000000000000 1.00000000000000005E-004
3071.0920197700002 1.0000000000000000 1.00000000000000005E-004
3071.1053370499999 1.0000000000000000 1.00000000000000005E-004
3071.1186543899998 1.0000000000000000 1.00000000000000005E-004
3071.1319717800002 1.0000000000000000 1.00000000000000005E-004
3071.1452892399998 1.0000000000000000 1.00000000000000005E-004
3071.1586067399999 1.0000000000000000 1.00000000000000005E-004
3071.1719243100001 1.0000000000000000 1.00000000000000005E-004
3071.1852419400002 1.0000000000000000 1.00000000000000005E-004
3071.1985596200002 1.0000000000000000 1.00000000000000005E-004
3071.2118773600000 1.0000000000000000 1.00000000000000005E-004
3071.2251951600001 1.0000000000000000 1.00000000000000005E-004
3071.2385130100001 1.0000000000000000 1.00000000000000005E-004
3071.2518309299999 1.0000000000000000 1.00000000000000005E-004
3071.2651489000000 1.0000000000000000 1.00000000000000005E-004
3071.2784669299999 1.0000000000000000 1.00000000000000005E-004
3071.2917850099998 1.0000000000000000 1.00000000000000005E-004
3071.3051031599998 1.0000000000000000 1.00000000000000005E-004
3071.3184213599998 1.0000000000000000 1.00000000000000005E-004
3071.3317396200000 1.0000000000000000 1.00000000000000005E-004
3071.3450579400001 1.0000000000000000 1.00000000000000005E-004
3071.3583763199999 1.0000000000000000 1.00000000000000005E-004
3071.3716947500002 1.0000000000000000 1.00000000000000005E-004
3071.3850132399998 1.0000000000000000 1.00000000000000005E-004
3071.3983317900002 1.0000000000000000 1.00000000000000005E-004
3071.4116503999999 1.0000000000000000 1.00000000000000005E-004
3071.4249690600000 1.0000000000000000 1.00000000000000005E-004
3071.4382877799999 1.0000000000000000 1.00000000000000005E-004
3071.4516065600001 1.0000000000000000 1.00000000000000005E-004
3071.4649254000001 1.0000000000000000 1.00000000000000005E-004
3071.4782442999999 1.0000000000000000 1.00000000000000005E-004
3071.4915632500001 1.0000000000000000 1.00000000000000005E-004
3071.5048822600002 1.0000000000000000 1.00000000000000005E-004
3071.5182013300000 1.0000000000000000 1.00000000000000005E-004
3071.5315204499998 1.0000000000000000 1.00000000000000005E-004
3071.5448396400002 1.0000000000000000 1.00000000000000005E-004
3071.5581588800001 1.0000000000000000 1.00000000000000005E-004
3071.5714781800002 1.0000000000000000 1.00000000000000005E-004
3071.5847975400002 1.0000000000000000 1.00000000000000005E-004
3071.5981169500001 1.0000000000000000 1.00000000000000005E-004
3071.6114364300001 1.0000000000000000 1.00000000000000005E-004
3071.6247559600001 1.0000000000000000 1.00000000000000005E-004
3071.6380755499999 1.0000000000000000 1.00000000000000005E-004
3071.6513951900001 1.0000000000000000 1.00000000000000005E-004
3071.6647149000000 1.0000000000000000 1.00000000000000005E-004
3071.6780346599999 1.0000000000000000 1.00000000000000005E-004
3071.6913544800000 1.0000000000000000 1.00000000000000005E-004
3071.7046743500000 1.0000000000000000 1.00000000000000005E-004
3071.7179942900002 1.0000000000000000 1.00000000000000005E-004
3071.7313142799999 1.0000000000000000 1.00000000000000005E-004
3071.7446343299998 1.0000000000000000 1.00000000000000005E-004
3071.7579544400000 1.0000000000000000 1.00000000000000005E-004
3071.7712746100001 1.0000000000000000 1.00000000000000005E-004
3071.7845948300001 1.0000000000000000 1.00000000000000005E-004
3071.7979151099998 1.0000000000000000 1.00000000000000005E-004
3071.8112354499999 1.0000000000000000 1.00000000000000005E-004
3071.8245558499998 1.0000000000000000 1.00000000000000005E-004
3071.8378763000001 1.0000000000000000 1.00000000000000005E-004
3071.8511968200000 1.0000000000000000 1.00000000000000005E-004
3071.8645173899999 1.0000000000000000 1.00000000000000005E-004
3071.8778380200001 1.0000000000000000 1.00000000000000005E-004
3071.8911586999998 1.0000000000000000 1.00000000000000005E-004
3071.9044794500001 1.0000000000000000 1.00000000000000005E-004
3071.9178002499998 1.0000000000000000 1.00000000000000005E-004
3071.9311211099998 1.0000000000000000 1.00000000000000005E-004
3071.9444420200002 1.0000000000000000 1.00000000000000005E-004
3071.9577629999999 1.0000000000000000 1.00000000000000005E-004
3071.9710840299999 1.0000000000000000 1.00000000000000005E-004
3071.9844051199998 1.0000000000000000 1.00000000000000005E-004
3071.9977262699999 1.0000000000000000 1.00000000000000005E-004
3072.0110474700000 1.0000000000000000 1.00000000000000005E-004
3072.0243687400002 1.0000000000000000 1.00000000000000005E-004
3072.0376900599999 1.0000000000000000 1.00000000000000005E-004
3072.0510114399999 1.0000000000000000 1.00000000000000005E-004
3072.0643328800002 1.0000000000000000 1.00000000000000005E-004
3072.0776543699999 1.0000000000000000 1.00000000000000005E-004
3072.0909759199999 1.0000000000000000 1.00000000000000005E-004
3072.1042975300002 1.0000000000000000 1.00000000000000005E-004
3072.1176191999998 1.0000000000000000 1.00000000000000005E-004
3072.1309409300002 1.0000000000000000 1.00000000000000005E-004
3072.1442627100000 1.0000000000000000 1.00000000000000005E-004
3072.1575845500001 1.0000000000000000 1.00000000000000005E-004
3072.1709064500001 1.0000000000000000 1.00000000000000005E-004
3072.1842284099998 0.99999999999999933 1.00000000000000005E-004
3072.1975504200000 0.99999999999990830 1.00000000000000005E-004
3072.2108724899999 0.99999999999592359 1.00000000000000005E-004
3072.2241946200002 0.99999999989611432 1.00000000000000005E-004
3072.2375168100002 0.99999999845407883 1.00000000000000005E-004
3072.2508390600001 0.99999998637762699 1.00000000000000005E-004
3072.2641613599999 0.99999992747699740 1.00000000000000005E-004
3072.2774837200000 0.99999975939761010 1.00000000000000005E-004
3072.2908061399999 0.99999947738805917 1.00000000000000005E-004
3072.3041286200000 0.99999919692266592 1.00000000000000005E-004
3072.3174511500001 0.99999902746773150 1.00000000000000005E-004
3072.3307737499999 0.99999895828329000 1.00000000000000005E-004
3072.3440964000001 0.99999892968168258 1.00000000000000005E-004
3072.3574190999998 0.99999890946169567 1.00000000000000005E-004
3072.3707418700001 0.99999888979462570 1.00000000000000005E-004
3072.3840646899998 0.99999886966732343 1.00000000000000005E-004
3072.3973875699999 0.99999884899056457 1.00000000000000005E-004
3072.4107105100002 0.99999882774120052 1.00000000000000005E-004
3072.4240335099998 0.99999880589782564 1.00000000000000005E-004
3072.4373565599999 0.99999878343808291 1.00000000000000005E-004
3072.4506796800001 0.99999876033855273 1.00000000000000005E-004
3072.4640028499998 0.99999873657470573 1.00000000000000005E-004
3072.4773260699999 0.99999871212081493 1.00000000000000005E-004
3072.4906493600001 0.99999868694988225 1.00000000000000005E-004
3072.5039726999998 0.99999866103359381 1.00000000000000005E-004
3072.5172960999998 0.99999863434221892 1.00000000000000005E-004
3072.5306195600001 0.99999860684452246 1.00000000000000005E-004
3072.5439430800002 0.99999857850769258 1.00000000000000005E-004
3072.5572666500002 0.99999854929722110 1.00000000000000005E-004
3072.5705902899999 0.99999851917680516 1.00000000000000005E-004
3072.5839139800000 0.99999848810825565 1.00000000000000005E-004
3072.5972377200001 0.99999845605134008 1.00000000000000005E-004
3072.6105615299998 0.99999842296365593 1.00000000000000005E-004
3072.6238853899999 0.99999838880052117 1.00000000000000005E-004
3072.6372093099999 0.99999835351480015 1.00000000000000005E-004
3072.6505332900001 0.99999831705673792 1.00000000000000005E-004
3072.6638573300002 0.99999827937380392 1.00000000000000005E-004
3072.6771814200001 0.99999824041048602 1.00000000000000005E-004
3072.6905055799998 0.99999820010807838 1.00000000000000005E-004
3072.7038297899999 0.99999815840450135 1.00000000000000005E-004
3072.7171540499999 0.99999811523401183 1.00000000000000005E-004
3072.7304783800000 0.99999807052694123 1.00000000000000005E-004
3072.7438027600001 0.99999802420946449 1.00000000000000005E-004
3072.7571272000000 0.99999797620325870 1.00000000000000005E-004
3072.7704517000002 0.99999792642516627 1.00000000000000005E-004
3072.7837762600002 0.99999787478686697 1.00000000000000005E-004
3072.7971008700001 0.99999782119445235 1.00000000000000005E-004
3072.8104255500002 0.99999776554799946 1.00000000000000005E-004
3072.8237502799998 0.99999770774115138 1.00000000000000005E-004
3072.8370750600002 0.99999764766054333 1.00000000000000005E-004
3072.8503999099999 0.99999758518524018 1.00000000000000005E-004
3072.8637248099999 0.99999752018619725 1.00000000000000005E-004
3072.8770497700002 0.99999745252554206 1.00000000000000005E-004
3072.8903747899999 0.99999738205583288 1.00000000000000005E-004
3072.9036998699999 0.99999730861930047 1.00000000000000005E-004
3072.9170250000002 0.99999723204691382 1.00000000000000005E-004
3072.9303501999998 0.99999715215740959 1.00000000000000005E-004
3072.9436754499998 0.99999706875628114 1.00000000000000005E-004
3072.9570007500001 0.99999698163450124 1.00000000000000005E-004
3072.9703261200002 0.99999689056719210 1.00000000000000005E-004
3072.9836515400002 0.99999679531228136 1.00000000000000005E-004
3072.9969770200000 0.99999669560880733 1.00000000000000005E-004
3073.0103025600001 0.99999659117511475 1.00000000000000005E-004
3073.0236281600000 0.99999648170692756 1.00000000000000005E-004
3073.0369538099999 0.99999636687504956 1.00000000000000005E-004
3073.0502795299999 0.99999624632288753 1.00000000000000005E-004
3073.0636052999998 0.99999611966376822 1.00000000000000005E-004
3073.0769311200002 0.99999598647768306 1.00000000000000005E-004
3073.0902570100002 0.99999584630777438 1.00000000000000005E-004
3073.1035829500001 0.99999569865655669 1.00000000000000005E-004
3073.1169089499999 0.99999554298136362 1.00000000000000005E-004
3073.1302350100000 0.99999537868931554 1.00000000000000005E-004
3073.1435611299999 0.99999520513175044 1.00000000000000005E-004
3073.1568873000001 0.99999502159767095 1.00000000000000005E-004
3073.1702135400001 0.99999482730642031 1.00000000000000005E-004
3073.1835398300000 0.99999462139949424 1.00000000000000005E-004
3073.1968661699998 0.99999440293076058 1.00000000000000005E-004
3073.2101925799998 0.99999417085548492 1.00000000000000005E-004
3073.2235190400002 0.99999392401801535 1.00000000000000005E-004
3073.2368455599999 0.99999366113707044 1.00000000000000005E-004
3073.2501721399999 0.99999338078842503 1.00000000000000005E-004
3073.2634987800002 0.99999308136917409 1.00000000000000005E-004
3073.2768254799998 0.99999276078300137 1.00000000000000005E-004
3073.2901522299999 0.99999241363734592 1.00000000000000005E-004
3073.3034790400002 0.99999201821025896 1.00000000000000005E-004
3073.3168059099999 0.99999151416664767 1.00000000000000005E-004
3073.3301328299999 0.99999082253677429 1.00000000000000005E-004
3073.3434598200001 0.99998993140753722 1.00000000000000005E-004
3073.3567868599998 0.99998892178549115 1.00000000000000005E-004
3073.3701139599998 0.99998790783261071 1.00000000000000005E-004
3073.3834411100001 0.99998697203177833 1.00000000000000005E-004
3073.3967683300002 0.99998608871440775 1.00000000000000005E-004
3073.4100956000002 0.99998511518314859 1.00000000000000005E-004
3073.4234229300000 0.99998386824235397 1.00000000000000005E-004
3073.4367503200001 0.99998228719961135 1.00000000000000005E-004
3073.4500777600001 0.99998055169911915 1.00000000000000005E-004
3073.4634052699998 0.99997887113522443 1.00000000000000005E-004
3073.4767328299999 0.99997724032715063 1.00000000000000005E-004
3073.4900604499999 0.99997553168358444 1.00000000000000005E-004
3073.5033881300001 0.99997365067120836 1.00000000000000005E-004
3073.5167158600002 0.99997154669751820 1.00000000000000005E-004
3073.5300436500002 0.99996917889333825 1.00000000000000005E-004
3073.5433714999999 0.99996650057219372 1.00000000000000005E-004
3073.5566994100000 0.99996345449922541 1.00000000000000005E-004
3073.5700273799998 0.99995996951129529 1.00000000000000005E-004
3073.5833554000001 0.99995595617910427 1.00000000000000005E-004
3073.5966834800001 0.99995130080668748 1.00000000000000005E-004
3073.6100116200000 0.99994585697294458 1.00000000000000005E-004
3073.6233398200002 0.99993943336378055 1.00000000000000005E-004
3073.6366680800002 0.99993177587266502 1.00000000000000005E-004
3073.6499963900001 0.99992254059315044 1.00000000000000005E-004
3073.6633247599998 0.99991125184233598 1.00000000000000005E-004
3073.6766531899998 0.99989723458027524 1.00000000000000005E-004
3073.6899816700002 0.99987950057918207 1.00000000000000005E-004
3073.7033102199998 0.99985654034766103 1.00000000000000005E-004
3073.7166388199998 0.99982579938609073 1.00000000000000005E-004
3073.7299674800001 0.99978061794473294 1.00000000000000005E-004
3073.7432961999998 0.99968164369543588 1.00000000000000005E-004
3073.7566249699998 0.99922688185991337 1.00000000000000005E-004
3073.7699538100001 0.99654597386673882 1.00000000000000005E-004
3073.7832827000002 0.98350736189204258 1.00000000000000005E-004
3073.7966116399998 0.93720399498907092 1.00000000000000005E-004
3073.8099406500000 0.82133249162352218 1.00000000000000005E-004
3073.8232697200001 0.62050227262325375 1.00000000000000005E-004
3073.8365988400001 0.38304851329392958 1.00000000000000005E-004
3073.8499280199999 0.19987009194626124 1.00000000000000005E-004
3073.8632572600000 0.13615738961608723 1.00000000000000005E-004
3073.8765865500000 0.20955303138842704 1.00000000000000005E-004
3073.8899158999998 0.39942925614051994 1.00000000000000005E-004
3073.9032453099999 0.63717314022595573 1.00000000000000005E-004
3073.9165747799998 0.83263843681179417 1.00000000000000005E-004
3073.9299043100000 0.94242154500548514 1.00000000000000005E-004
3073.9432338900001 0.98517274753620410 1.00000000000000005E-004
3073.9565635399999 0.99692380483140974 1.00000000000000005E-004
3073.9698932400001 0.99929262339552516 1.00000000000000005E-004
3073.9832229899998 0.99969347828163257 1.00000000000000005E-004
3073.9965528100001 0.99978471750895936 1.00000000000000005E-004
3074.0098826799999 0.99982834942543941 1.00000000000000005E-004
3074.0232126100000 0.99985840057973630 1.00000000000000005E-004
3074.0365425999998 0.99988091805517243 1.00000000000000005E-004
3074.0498726500000 0.99989834273577971 1.00000000000000005E-004
3074.0632027600000 0.99991213583230265 1.00000000000000005E-004
3074.0765329199999 0.99992325767319745 1.00000000000000005E-004
3074.0898631400000 0.99993236588142409 1.00000000000000005E-004
3074.1031934200000 0.99993992479402716 1.00000000000000005E-004
3074.1165237499999 0.99994627068420738 1.00000000000000005E-004
3074.1298541500000 0.99995165237849681 1.00000000000000005E-004
3074.1431846000000 0.99995625744706029 1.00000000000000005E-004
3074.1565151099999 0.99996022960347086 1.00000000000000005E-004
3074.1698456700001 0.99996368055329665 1.00000000000000005E-004
3074.1831763000000 0.99996669823913686 1.00000000000000005E-004
3074.1965069799999 0.99996935269617393 1.00000000000000005E-004
3074.2098377200000 0.99997170032399896 1.00000000000000005E-004
3074.2231685199999 0.99997378761950872 1.00000000000000005E-004
3074.2364993800002 0.99997565877873207 1.00000000000000005E-004
3074.2498302899999 0.99997737905803530 1.00000000000000005E-004
3074.2631612599998 0.99997906315579754 1.00000000000000005E-004
3074.2764922900001 0.99998081260614602 1.00000000000000005E-004
3074.2898233800001 0.99998254890465266 1.00000000000000005E-004
3074.3031545200001 0.99998404402020991 1.00000000000000005E-004
3074.3164857299998 0.99998519948343723 1.00000000000000005E-004
3074.3298169899999 0.99998612525158703 1.00000000000000005E-004
3074.3431483099998 0.99998698518217843 1.00000000000000005E-004
3074.3564796800001 0.99998789740169158 1.00000000000000005E-004
3074.3698111200001 0.99998888287304555 1.00000000000000005E-004
3074.3831426100000 0.99998987019724050 1.00000000000000005E-004
3074.3964741599998 0.99999076810517018 1.00000000000000005E-004
3074.4098057699998 0.99999149496232864 1.00000000000000005E-004
3074.4231374300002 0.99999203036704420 1.00000000000000005E-004
3074.4364691500000 0.99999243777990798 1.00000000000000005E-004
3074.4498009399999 0.99999278607327957 1.00000000000000005E-004
3074.4631327699999 0.99999310523173068 1.00000000000000005E-004
3074.4764646700000 0.99999340302757789 1.00000000000000005E-004
3074.4897966300000 0.99999368186931892 1.00000000000000005E-004
3074.5031286399999 0.99999394336871095 1.00000000000000005E-004
3074.5164607100000 0.99999418893804193 1.00000000000000005E-004
3074.5297928400000 0.99999441984732773 1.00000000000000005E-004
3074.5431250199999 0.99999463724229976 1.00000000000000005E-004
3074.5564572700000 0.99999484215879375 1.00000000000000005E-004
3074.5697895700000 0.99999503553504709 1.00000000000000005E-004
3074.5831219299998 0.99999521822263659 1.00000000000000005E-004
3074.5964543400000 0.99999539099601797 1.00000000000000005E-004
3074.6097868200000 0.99999555456067424 1.00000000000000005E-004
3074.6231193499998 0.99999570956028672 1.00000000000000005E-004
3074.6364519399999 0.99999585658322554 1.00000000000000005E-004
3074.6497845899999 0.99999599616815227 1.00000000000000005E-004
3074.6631172900002 0.99999612880897326 1.00000000000000005E-004
3074.6764500600002 0.99999625495925526 1.00000000000000005E-004
3074.6897828800002 0.99999637503603589 1.00000000000000005E-004
3074.7031157599999 0.99999648942338137 1.00000000000000005E-004
3074.7164487000000 0.99999659847544964 1.00000000000000005E-004
3074.7297816900000 0.99999670251924688 1.00000000000000005E-004
3074.7431147500001 0.99999680185709583 1.00000000000000005E-004
3074.7564478600002 0.99999689676876147 1.00000000000000005E-004
3074.7697810200002 0.99999698751355826 1.00000000000000005E-004
3074.7831142499999 0.99999707433213691 1.00000000000000005E-004
3074.7964475399999 0.99999715744792439 1.00000000000000005E-004
3074.8097808799998 0.99999723706863552 1.00000000000000005E-004
3074.8231142800000 0.99999731338765596 1.00000000000000005E-004
3074.8364477300001 0.99999738658519421 1.00000000000000005E-004
3074.8497812500000 0.99999745682931973 1.00000000000000005E-004
3074.8631148200002 0.99999752427689825 1.00000000000000005E-004
3074.8764484500002 0.99999758907452441 1.00000000000000005E-004
3074.8897821400001 0.99999765135932084 1.00000000000000005E-004
3074.9031158900002 0.99999771125962489 1.00000000000000005E-004
3074.9164496899998 0.99999776889568881 1.00000000000000005E-004
3074.9297835600000 0.99999782438029083 1.00000000000000005E-004
3074.9431174800002 0.99999787781924077 1.00000000000000005E-004
3074.9564514600002 0.99999792931192033 1.00000000000000005E-004
3074.9697854900000 0.99999797895177267 1.00000000000000005E-004
3074.9831195900001 0.99999802682669570 1.00000000000000005E-004
3074.9964537400001 0.99999807301940880 1.00000000000000005E-004
3075.0097879499999 0.99999811760783797 1.00000000000000005E-004
3075.0231222100001 0.99999816066546987 1.00000000000000005E-004
3075.0364565400000 0.99999820226163050 1.00000000000000005E-004
3075.0497909199999 0.99999824246174140 1.00000000000000005E-004
3075.0631253600000 0.99999828132761326 1.00000000000000005E-004
3075.0764598599999 0.99999831891767943 1.00000000000000005E-004
3075.0897944200001 0.99999835528718994 1.00000000000000005E-004
3075.1031290300002 0.99999839048843486 1.00000000000000005E-004
3075.1164637000002 0.99999842457094990 1.00000000000000005E-004
3075.1297984299999 0.99999845758167460 1.00000000000000005E-004
3075.1431332200000 0.99999848956509174 1.00000000000000005E-004
3075.1564680600000 0.99999852056340832 1.00000000000000005E-004
3075.1698029700001 0.99999855061669107 1.00000000000000005E-004
3075.1831379300002 0.99999857976297579 1.00000000000000005E-004
3075.1964729500000 0.99999860803840257 1.00000000000000005E-004
3075.2098080199999 0.99999863547734258 1.00000000000000005E-004
3075.2231431599998 0.99999866211248867 1.00000000000000005E-004
3075.2364783500002 0.99999868797493818 1.00000000000000005E-004
3075.2498135999999 0.99999871309430266 1.00000000000000005E-004
3075.2631489099999 0.99999873749879631 1.00000000000000005E-004
3075.2764842800002 0.99999876121529185 1.00000000000000005E-004
3075.2898197000000 0.99999878426941391 1.00000000000000005E-004
3075.3031551800000 0.99999880668561436 1.00000000000000005E-004
3075.3164907199998 0.99999882848722688 1.00000000000000005E-004
3075.3298263199999 0.99999884969651720 1.00000000000000005E-004
3075.3431619700000 0.99999887033481361 1.00000000000000005E-004
3075.3564976799998 0.99999889042519119 1.00000000000000005E-004
3075.3698334599999 0.99999891005675212 1.00000000000000005E-004
3075.3831692799999 0.99999893024198416 1.00000000000000005E-004
3075.3965051700002 0.99999895880569900 1.00000000000000005E-004
3075.4098411099999 0.99999902793531836 1.00000000000000005E-004
3075.4231771200002 0.99999919729522591 1.00000000000000005E-004
3075.4365131800000 0.99999947762351027 1.00000000000000005E-004
3075.4498492900002 0.99999975950210740 1.00000000000000005E-004
3075.4631854700001 0.99999992750637934 1.00000000000000005E-004
3075.4765216999999 0.99999998638239729 1.00000000000000005E-004
3075.4898579900000 0.99999999845447285 1.00000000000000005E-004
3075.5031943399999 0.99999999989612565 1.00000000000000005E-004
3075.5165307500001 0.99999999999592259 1.00000000000000005E-004
3075.5298672099998 0.99999999999990841 1.00000000000000005E-004
3075.5432037400001 0.99999999999999933 1.00000000000000005E-004
3075.5565403199998 1.0000000000000000 1.00000000000000005E-004
3075.5698769500000 1.0000000000000000 1.00000000000000005E-004
3075.5832136499998 1.0000000000000000 1.00000000000000005E-004
3075.5965504000001 1.0000000000000000 1.00000000000000005E-004
3075.6098872100001 1.0000000000000000 1.00000000000000005E-004
3075.6232240800000 1.0000000000000000 1.00000000000000005E-004
3075.6365610100002 1.0000000000000000 1.00000000000000005E-004
3075.6498980000001 1.0000000000000000 1.00000000000000005E-004
3075.6632350400000 1.0000000000000000 1.00000000000000005E-004
3075.6765721400002 1.0000000000000000 1.00000000000000005E-004
3075.6899093000002 1.0000000000000000 1.00000000000000005E-004
3075.7032465100001 1.0000000000000000 1.00000000000000005E-004
3075.7165837900002 1.0000000000000000 1.00000000000000005E-004
3075.7299211200002 1.0000000000000000 1.00000000000000005E-004
3075.7432585100000 1.0000000000000000 1.00000000000000005E-004
3075.7565959600001 1.0000000000000000 1.00000000000000005E-004
3075.7699334600002 1.0000000000000000 1.00000000000000005E-004
3075.7832710299999 1.0000000000000000 1.00000000000000005E-004
3075.7966086500001 1.0000000000000000 1.00000000000000005E-004
3075.8099463300000 1.0000000000000000 1.00000000000000005E-004
3075.8232840599999 1.0000000000000000 1.00000000000000005E-004
3075.8366218599999 1.0000000000000000 1.00000000000000005E-004
3075.8499597099999 1.0000000000000000 1.00000000000000005E-004
3075.8632976200001 1.0000000000000000 1.00000000000000005E-004
3075.8766355900002 1.0000000000000000 1.00000000000000005E-004
3075.8899736200001 1.0000000000000000 1.00000000000000005E-004
3075.9033116999999 1.0000000000000000 1.00000000000000005E-004
3075.9166498400000 1.0000000000000000 1.00000000000000005E-004
3075.9299880399999 1.0000000000000000 1.00000000000000005E-004
3075.9433263000001 1.0000000000000000 1.00000000000000005E-004
3075.9566646200001 1.0000000000000000 1.00000000000000005E-004
3075.9700029900000 1.0000000000000000 1.00000000000000005E-004
3075.9833414200002 1.0000000000000000 1.00000000000000005E-004
3075.9966799099998 1.0000000000000000 1.00000000000000005E-004
3076.0100184500002 1.0000000000000000 1.00000000000000005E-004
3076.0233570599999 1.0000000000000000 1.00000000000000005E-004
3076.0366957199999 1.0000000000000000 1.00000000000000005E-004
3076.0500344400002 1.0000000000000000 1.00000000000000005E-004
3076.0633732199999 1.0000000000000000 1.00000000000000005E-004
3076.0767120599999 1.0000000000000000 1.00000000000000005E-004
3076.0900509500002 1.0000000000000000 1.00000000000000005E-004
3076.1033898999999 1.0000000000000000 1.00000000000000005E-004
3076.1167289099999 1.0000000000000000 1.00000000000000005E-004
3076.1300679800001 1.0000000000000000 1.00000000000000005E-004
3076.1434070999999 1.0000000000000000 1.00000000000000005E-004
3076.1567462899998 1.0000000000000000 1.00000000000000005E-004
3076.1700855300001 1.0000000000000000 1.00000000000000005E-004
3076.1834248199998 1.0000000000000000 1.00000000000000005E-004
3076.1967641800002 1.0000000000000000 1.00000000000000005E-004
3076.2101035999999 1.0000000000000000 1.00000000000000005E-004
3076.2234430700000 1.0000000000000000 1.00000000000000005E-004
3076.2367826000000 1.0000000000000000 1.00000000000000005E-004
3076.2501221900002 1.0000000000000000 1.00000000000000005E-004
3076.2634618299999 1.0000000000000000 1.00000000000000005E-004
3076.2768015299998 1.0000000000000000 1.00000000000000005E-004
3076.2901413000000 1.0000000000000000 1.00000000000000005E-004
3076.3034811100001 1.0000000000000000 1.00000000000000005E-004
3076.3168209900000 1.0000000000000000 1.00000000000000005E-004
3076.3301609300001 1.0000000000000000 1.00000000000000005E-004
3076.3435009200002 1.0000000000000000 1.00000000000000005E-004
3076.3568409700001 1.0000000000000000 1.00000000000000005E-004
3076.3701810799998 1.0000000000000000 1.00000000000000005E-004
3076.3835212399999 1.0000000000000000 1.00000000000000005E-004
3076.3968614700002 1.0000000000000000 1.00000000000000005E-004
3076.4102017499999 1.0000000000000000 1.00000000000000005E-004
3076.4235420900000 1.0000000000000000 1.00000000000000005E-004
3076.4368824899998 1.0000000000000000 1.00000000000000005E-004
3076.4502229400000 1.0000000000000000 1.00000000000000005E-004
3076.4635634599999 1.0000000000000000 1.00000000000000005E-004
3076.4769040299998 1.0000000000000000 1.00000000000000005E-004
3076.4902446599999 1.0000000000000000 1.00000000000000005E-004
3076.5035853400000 1.0000000000000000 1.00000000000000005E-004
3076.5169260900002 1.0000000000000000 1.00000000000000005E-004
3076.5302668899999 1.0000000000000000 1.00000000000000005E-004
3076.5436077499999 1.0000000000000000 1.00000000000000005E-004
3076.5569486700001 1.0000000000000000 1.00000000000000005E-004
3076.5702896500002 1.0000000000000000 1.00000000000000005E-004
3076.5836306800002 1.0000000000000000 1.00000000000000005E-004
3076.5969717700000 1.0000000000000000 1.00000000000000005E-004
3076.6103129200001 1.0000000000000000 1.00000000000000005E-004
3076.6236541300000 1.0000000000000000 1.00000000000000005E-004
3076.6369954000002 1.0000000000000000 1.00000000000000005E-004
3076.6503367199998 1.0000000000000000 1.00000000000000005E-004
3076.6636781000002 1.0000000000000000 1.00000000000000005E-004
3076.6770195399999 1.0000000000000000 1.00000000000000005E-004
3076.6903610400000 1.0000000000000000 1.00000000000000005E-004
