3239.9453106199999 1.0000000000000000 1.00000000000000005E-004
3239.9593601000001 1.0000000000000000 1.00000000000000005E-004
3239.9734096400002 1.0000000000000000 1.00000000000000005E-004
3239.9874592500000 1.0000000000000000 1.00000000000000005E-004
3240.0015089100002 1.0000000000000000 1.00000000000000005E-004
3240.0155586400001 1.0000000000000000 1.00000000000000005E-004
3240.0296084199999 1.0000000000000000 1.00000000000000005E-004
3240.0436582699999 1.0000000000000000 1.00000000000000005E-004
3240.0577081800002 1.0000000000000000 1.00000000000000005E-004
3240.0717581499998 1.0000000000000000 1.00000000000000005E-004
3240.0858081800002 1.0000000000000000 1.00000000000000005E-004
3240.0998582699999 1.0000000000000000 1.00000000000000005E-004
3240.1139084299998 1.0000000000000000 1.00000000000000005E-004
3240.1279586400001 1.0000000000000000 1.00000000000000005E-004
3240.1420089100002 1.0000000000000000 1.00000000000000005E-004
3240.1560592500000 1.0000000000000000 1.00000000000000005E-004
3240.1701096500001 1.0000000000000000 1.00000000000000005E-004
3240.1841601000001 1.0000000000000000 1.00000000000000005E-004
3240.1982106199998 1.0000000000000000 1.00000000000000005E-004
3240.2122611999998 1.0000000000000000 1.00000000000000005E-004
3240.2263118400001 1.0000000000000000 1.00000000000000005E-004
3240.2403625400002 1.0000000000000000 1.00000000000000005E-004
3240.2544133000001 1.0000000000000000 1.00000000000000005E-004
3240.2684641300002 1.0000000000000000 1.00000000000000005E-004
3240.2825150100002 1.0000000000000000 1.00000000000000005E-004
3240.2965659600000 1.0000000000000000 1.00000000000000005E-004
3240.3106169600001 1.0000000000000000 1.00000000000000005E-004
3240.3246680299999 1.0000000000000000 1.00000000000000005E-004
3240.3387191600000 1.0000000000000000 1.00000000000000005E-004
3240.3527703400000 1.0000000000000000 1.00000000000000005E-004
3240.3668215900002 1.0000000000000000 1.00000000000000005E-004
3240.3808729000002 1.0000000000000000 1.00000000000000005E-004
3240.3949242799999 1.0000000000000000 1.00000000000000005E-004
3240.4089757100000 1.0000000000000000 1.00000000000000005E-004
3240.4230272000000 1.0000000000000000 1.00000000000000005E-004
3240.4370787500002 1.0000000000000000 1.00000000000000005E-004
3240.4511303700001 0.99999999999997113 1.00000000000000005E-004
3240.4651820499998 0.99999999999846911 1.00000000000000005E-004
3240.4792337800000 0.99999999995473055 1.00000000000000005E-004
3240.4932855799998 0.99999999922106919 1.00000000000000005E-004
3240.5073374399999 0.99999999209813339 1.00000000000000005E-004
3240.5213893599998 0.99999995188330504 1.00000000000000005E-004
3240.5354413400000 0.99999981926667114 1.00000000000000005E-004
3240.5494933800001 0.99999956274593305 1.00000000000000005E-004
3240.5635454799999 0.99999927018999990 1.00000000000000005E-004
3240.5775976499999 0.99999907103510743 1.00000000000000005E-004
3240.5916498699999 0.99999898587736380 1.00000000000000005E-004
3240.6057021600000 0.99999895673806549 1.00000000000000005E-004
3240.6197545000000 0.99999894171151349 1.00000000000000005E-004
3240.6338069100002 0.99999892846449390 1.00000000000000005E-004
3240.6478593800002 0.99999891513355199 1.00000000000000005E-004
3240.6619119100001 0.99999890155979854 1.00000000000000005E-004
3240.6759645000002 0.99999888772990986 1.00000000000000005E-004
3240.6900171500001 0.99999887363720774 1.00000000000000005E-004
3240.7040698599999 0.99999885927498655 1.00000000000000005E-004
3240.7181226299999 0.99999884463632471 1.00000000000000005E-004
3240.7321754700001 0.99999882971408316 1.00000000000000005E-004
3240.7462283599998 0.99999881450089145 1.00000000000000005E-004
3240.7602813200001 0.99999879898913691 1.00000000000000005E-004
3240.7743343299999 0.99999878317095392 1.00000000000000005E-004
3240.7883874099998 0.99999876703821222 1.00000000000000005E-004
3240.8024405500000 0.99999875058251642 1.00000000000000005E-004
3240.8164937500001 0.99999873379519044 1.00000000000000005E-004
3240.8305470099999 0.99999871666726325 1.00000000000000005E-004
3240.8446003300000 0.99999869918945672 1.00000000000000005E-004
3240.8586537100000 0.99999868135216907 1.00000000000000005E-004
3240.8727071600001 0.99999866314547459 1.00000000000000005E-004
3240.8867606600002 0.99999864455910981 1.00000000000000005E-004
3240.9008142200000 0.99999862558243680 1.00000000000000005E-004
3240.9148678500001 0.99999860620444025 1.00000000000000005E-004
3240.9289215399999 0.99999858641373163 1.00000000000000005E-004
3240.9429752800002 0.99999856619851113 1.00000000000000005E-004
3240.9570290900001 0.99999854554653955 1.00000000000000005E-004
3240.9710829599999 0.99999852444513881 1.00000000000000005E-004
3240.9851368899999 0.99999850288117331 1.00000000000000005E-004
3240.9991908900001 0.99999848084102183 1.00000000000000005E-004
3241.0132449399998 0.99999845831056966 1.00000000000000005E-004
3241.0272990499998 0.99999843527515686 1.00000000000000005E-004
3241.0413532299999 0.99999841171957182 1.00000000000000005E-004
3241.0554074600000 0.99999838762803650 1.00000000000000005E-004
3241.0694617600002 0.99999836298416678 1.00000000000000005E-004
3241.0835161099999 0.99999833777094560 1.00000000000000005E-004
3241.0975705300002 0.99999831197068800 1.00000000000000005E-004
3241.1116250099999 0.99999828556502490 1.00000000000000005E-004
3241.1256795499999 0.99999825853487012 1.00000000000000005E-004
3241.1397341500001 0.99999823086037154 1.00000000000000005E-004
3241.1537888100002 0.99999820252087279 1.00000000000000005E-004
3241.1678435399999 0.99999817349489251 1.00000000000000005E-004
3241.1818983200001 0.99999814376008223 1.00000000000000005E-004
3241.1959531699999 0.99999811329316879 1.00000000000000005E-004
3241.2100080700002 0.99999808206991325 1.00000000000000005E-004
3241.2240630400001 0.99999805006505693 1.00000000000000005E-004
3241.2381180699999 0.99999801725229187 1.00000000000000005E-004
3241.2521731600000 0.99999798360420344 1.00000000000000005E-004
3241.2662283000000 0.99999794909218054 1.00000000000000005E-004
3241.2802835200000 0.99999791368636837 1.00000000000000005E-004
3241.2943387900000 0.99999787735564527 1.00000000000000005E-004
3241.3083941199998 0.99999784006751535 1.00000000000000005E-004
3241.3224495099998 0.99999780178801501 1.00000000000000005E-004
3241.3365049700001 0.99999776248167427 1.00000000000000005E-004
3241.3505604799998 0.99999772211143811 1.00000000000000005E-004
3241.3646160600001 0.99999768063855587 1.00000000000000005E-004
3241.3786716899999 0.99999763802248798 1.00000000000000005E-004
3241.3927273899999 0.99999759422080858 1.00000000000000005E-004
3241.4067831500001 0.99999754918911288 1.00000000000000005E-004
3241.4208389700002 0.99999750288091382 1.00000000000000005E-004
3241.4348948500001 0.99999745524748918 1.00000000000000005E-004
3241.4489507899998 0.99999740623775724 1.00000000000000005E-004
3241.4630068000001 0.99999735579816540 1.00000000000000005E-004
3241.4770628599999 0.99999730387254082 1.00000000000000005E-004
3241.4911189899999 0.99999725040191412 1.00000000000000005E-004
3241.5051751699998 0.99999719532435516 1.00000000000000005E-004
3241.5192314199999 0.99999713857478734 1.00000000000000005E-004
3241.5332877300002 0.99999708008483656 1.00000000000000005E-004
3241.5473440900000 0.99999701978259270 1.00000000000000005E-004
3241.5614005200000 0.99999695759234364 1.00000000000000005E-004
3241.5754570099998 0.99999689343439424 1.00000000000000005E-004
3241.5895135699998 0.99999682722483818 1.00000000000000005E-004
3241.6035701800001 0.99999675887526396 1.00000000000000005E-004
3241.6176268499999 0.99999668829238575 1.00000000000000005E-004
3241.6316835900002 0.99999661537777695 1.00000000000000005E-004
3241.6457403800000 0.99999654002756200 1.00000000000000005E-004
3241.6597972400000 0.99999646213200244 1.00000000000000005E-004
3241.6738541499999 0.99999638157509563 1.00000000000000005E-004
3241.6879111300000 0.99999629823413516 1.00000000000000005E-004
3241.7019681699999 0.99999621197927790 1.00000000000000005E-004
3241.7160252700000 0.99999612267304461 1.00000000000000005E-004
3241.7300824300000 0.99999603016971894 1.00000000000000005E-004
3241.7441396499999 0.99999593431475098 1.00000000000000005E-004
3241.7581969399998 0.99999583494416067 1.00000000000000005E-004
3241.7722542800002 0.99999573188383650 1.00000000000000005E-004
3241.7863116899998 0.99999562494872485 1.00000000000000005E-004
3241.8003691499998 0.99999551394200248 1.00000000000000005E-004
3241.8144266800000 0.99999539865416631 1.00000000000000005E-004
3241.8284842700000 0.99999527886211503 1.00000000000000005E-004
3241.8425419099999 0.99999515432800523 1.00000000000000005E-004
3241.8565996200000 0.99999502479797586 1.00000000000000005E-004
3241.8706573899999 0.99999489000096697 1.00000000000000005E-004
3241.8847152300000 0.99999474964735713 1.00000000000000005E-004
3241.8987731200000 0.99999460342735713 1.00000000000000005E-004
3241.9128310699998 0.99999445100915385 1.00000000000000005E-004
3241.9268890899998 0.99999429203711110 1.00000000000000005E-004
3241.9409471600002 0.99999412612977023 1.00000000000000005E-004
3241.9550052999998 0.99999395287742876 1.00000000000000005E-004
3241.9690635000002 0.99999377183973936 1.00000000000000005E-004
3241.9831217500000 0.99999358254280957 1.00000000000000005E-004
3241.9971800700000 0.99999338447596520 1.00000000000000005E-004
3242.0112384499998 0.99999317708848734 1.00000000000000005E-004
3242.0252968899999 0.99999295978568992 1.00000000000000005E-004
3242.0393554000002 0.99999273192325078 1.00000000000000005E-004
3242.0534139599999 0.99999249276444213 1.00000000000000005E-004
3242.0674725800000 0.99999224090347727 1.00000000000000005E-004
3242.0815312700001 0.99999196977248950 1.00000000000000005E-004
3242.0955900099998 0.99999165136026735 1.00000000000000005E-004
3242.1096488200001 0.99999122283031028 1.00000000000000005E-004
3242.1237076900002 0.99999063945408861 1.00000000000000005E-004
3242.1377666200001 0.99998994855125822 1.00000000000000005E-004
3242.1518256099998 0.99998921437834720 1.00000000000000005E-004
3242.1658846599998 0.99998845095392352 1.00000000000000005E-004
3242.1799437700001 0.99998771412707821 1.00000000000000005E-004
3242.1940029399998 0.99998707096321415 1.00000000000000005E-004
3242.2080621800001 0.99998649836663978 1.00000000000000005E-004
3242.2221214699998 0.99998593139303649 1.00000000000000005E-004
3242.2361808300002 0.99998531814504610 1.00000000000000005E-004
3242.2502402400000 0.99998458409482704 1.00000000000000005E-004
3242.2642997200001 0.99998361358903631 1.00000000000000005E-004
3242.2783592599999 0.99998237007109825 1.00000000000000005E-004
3242.2924188600000 0.99998101728116184 1.00000000000000005E-004
3242.3064785199999 0.99997976551751933 1.00000000000000005E-004
3242.3205382400001 0.99997864651049539 1.00000000000000005E-004
3242.3345980200002 0.99997756033361829 1.00000000000000005E-004
3242.3486578600000 0.99997642462224079 1.00000000000000005E-004
3242.3627177700000 0.99997520598151024 1.00000000000000005E-004
3242.3767777300000 0.99997389063929620 1.00000000000000005E-004
3242.3908377600001 0.99997246752223701 1.00000000000000005E-004
3242.4048978500000 0.99997092446153291 1.00000000000000005E-004
3242.4189580000002 0.99996924754692307 1.00000000000000005E-004
3242.4330181999999 0.99996742078455192 1.00000000000000005E-004
3242.4470784700002 0.99996542570819191 1.00000000000000005E-004
3242.4611388100002 0.99996324090767985 1.00000000000000005E-004
3242.4751992000001 0.99996084144480346 1.00000000000000005E-004
3242.4892596499999 0.99995819812464959 1.00000000000000005E-004
3242.5033201599999 0.99995527658912176 1.00000000000000005E-004
3242.5173807400001 0.99995203617851969 1.00000000000000005E-004
3242.5314413800002 0.99994842848585141 1.00000000000000005E-004
3242.5455020700001 0.99994439550004222 1.00000000000000005E-004
3242.5595628299998 0.99993986720760109 1.00000000000000005E-004
3242.5736236500002 0.99993475846851787 1.00000000000000005E-004
3242.5876845299999 0.99992896488524252 1.00000000000000005E-004
3242.6017454700000 0.99992235727795375 1.00000000000000005E-004
3242.6158064699998 0.99991477420351516 1.00000000000000005E-004
3242.6298675300000 0.99990601166818216 1.00000000000000005E-004
3242.6439286599998 0.99989580875686468 1.00000000000000005E-004
3242.6579898400000 0.99988382717218627 1.00000000000000005E-004
3242.6720510900000 0.99986962148633762 1.00000000000000005E-004
3242.6861123899998 0.99985259487147360 1.00000000000000005E-004
3242.7001737599999 0.99983193138307269 1.00000000000000005E-004
3242.7142351900002 0.99980648900258728 1.00000000000000005E-004
3242.7282966799999 0.99977462391890437 1.00000000000000005E-004
3242.7423582299998 0.99973388550563580 1.00000000000000005E-004
3242.7564198400000 0.99968040196955199 1.00000000000000005E-004
3242.7704815100001 0.99960665739825327 1.00000000000000005E-004
3242.7845432499998 0.99948364441739868 1.00000000000000005E-004
3242.7986050400000 0.99910350689883354 1.00000000000000005E-004
3242.8126668999998 0.99704885261095244 1.00000000000000005E-004
3242.8267288100001 0.98634809731705919 1.00000000000000005E-004
3242.8407907900000 0.94476490203861208 1.00000000000000005E-004
3242.8548528299998 0.83211462556246518 1.00000000000000005E-004
3242.8689149299998 0.62485993256589356 1.00000000000000005E-004
3242.8829770900002 0.36989030323191147 1.00000000000000005E-004
3242.8970393099999 0.16341596852100090 1.00000000000000005E-004
3242.9111015899998 6.15605115568371233E-002 1.00000000000000005E-004
3242.9251639399999 6.35765666192358025E-002 1.00000000000000005E-004
3242.9392263400000 0.16981759761703868 1.00000000000000005E-004
3242.9532888099998 0.37981359566761752 1.00000000000000005E-004
3242.9673513299999 0.63467492490937039 1.00000000000000005E-004
3242.9814139199998 0.83847175071178703 1.00000000000000005E-004
3242.9954765699999 0.94750309078174100 1.00000000000000005E-004
3243.0095392799999 0.98715012757632581 1.00000000000000005E-004
3243.0236020500001 0.99721619489500735 1.00000000000000005E-004
3243.0376648800002 0.99913260211729849 1.00000000000000005E-004
3243.0517277700001 0.99949066580538404 1.00000000000000005E-004
3243.0657907200002 0.99961016875617403 1.00000000000000005E-004
3243.0798537400001 0.99968283776572531 1.00000000000000005E-004
3243.0939168099999 0.99973570757427443 1.00000000000000005E-004
3243.1079799499998 0.99977602980040325 1.00000000000000005E-004
3243.1220431400002 0.99980759827186183 1.00000000000000005E-004
3243.1361063999998 0.99983282270617135 1.00000000000000005E-004
3243.1501697200001 0.99985332210793598 1.00000000000000005E-004
3243.1642330999998 0.99987022264099645 1.00000000000000005E-004
3243.1782965399998 0.99988432974681674 1.00000000000000005E-004
3243.1923600400000 0.99989623309009668 1.00000000000000005E-004
3243.2064236100000 0.99990637308048702 1.00000000000000005E-004
3243.2204872299999 0.99991508442121002 1.00000000000000005E-004
3243.2345509100001 0.99992262540918830 1.00000000000000005E-004
3243.2486146599999 0.99992919809543257 1.00000000000000005E-004
3243.2626784700001 0.99993496245552937 1.00000000000000005E-004
3243.2767423300002 0.99994004655078650 1.00000000000000005E-004
3243.2908062600000 0.99994455391892556 1.00000000000000005E-004
3243.3048702500000 0.99994856902499840 1.00000000000000005E-004
3243.3189342999999 0.99995216134769660 1.00000000000000005E-004
3243.3329984200000 0.99995538847440979 1.00000000000000005E-004
3243.3470625900000 0.99995829847139750 1.00000000000000005E-004
3243.3611268200002 0.99996093172205913 1.00000000000000005E-004
3243.3751911200002 0.99996332235844687 1.00000000000000005E-004
3243.3892554700001 0.99996549939028323 1.00000000000000005E-004
3243.4033198900001 0.99996748760497456 1.00000000000000005E-004
3243.4173843700000 0.99996930828517916 1.00000000000000005E-004
3243.4314489100002 0.99997097978843474 1.00000000000000005E-004
3243.4455134999998 0.99997251801976150 1.00000000000000005E-004
3243.4595781700000 0.99997393681747437 1.00000000000000005E-004
3243.4736428900001 0.99997524833264284 1.00000000000000005E-004
3243.4877076700000 0.99997646418596065 1.00000000000000005E-004
3243.5017725100001 0.99997760215906650 1.00000000000000005E-004
3243.5158374200000 0.99997870849001314 1.00000000000000005E-004
3243.5299023799998 0.99997987659609311 1.00000000000000005E-004
3243.5439674099998 0.99998117773569917 1.00000000000000005E-004
3243.5580325000001 0.99998252425528944 1.00000000000000005E-004
3243.5720976500002 0.99998370687496774 1.00000000000000005E-004
3243.5861628600001 0.99998461821918450 1.00000000000000005E-004
3243.6002281299998 0.99998532422044739 1.00000000000000005E-004
3243.6142934600002 0.99998592976831158 1.00000000000000005E-004
3243.6283588500000 0.99998649395971351 1.00000000000000005E-004
3243.6424243000001 0.99998706043980501 1.00000000000000005E-004
3243.6564898199999 0.99998769181853231 1.00000000000000005E-004
3243.6705553900001 0.99998841591086951 1.00000000000000005E-004
3243.6846210300000 0.99998916508343616 1.00000000000000005E-004
3243.6986867300002 0.99998987852852295 1.00000000000000005E-004
3243.7127524900002 0.99999056333308622 1.00000000000000005E-004
3243.7268183000001 0.99999117411801886 1.00000000000000005E-004
3243.7408841900001 0.99999163824380155 1.00000000000000005E-004
3243.7549501300000 0.99999197487646496 1.00000000000000005E-004
3243.7690161300002 0.99999225034194694 1.00000000000000005E-004
3243.7830821900002 0.99999250229536429 1.00000000000000005E-004
3243.7971483199999 0.99999274093062696 1.00000000000000005E-004
3243.8112145000000 0.99999296825358075 1.00000000000000005E-004
3243.8252807499998 0.99999318504962109 1.00000000000000005E-004
3243.8393470599999 0.99999339196269221 1.00000000000000005E-004
3243.8534134199999 0.99999358958502915 1.00000000000000005E-004
3243.8674798500001 0.99999377846519089 1.00000000000000005E-004
3243.8815463400001 0.99999395911177025 1.00000000000000005E-004
3243.8956128999998 0.99999413199677034 1.00000000000000005E-004
3243.9096795099999 0.99999429755878877 1.00000000000000005E-004
3243.9237461799999 0.99999445620597360 1.00000000000000005E-004
3243.9378129199999 0.99999460831841747 1.00000000000000005E-004
3243.9518797100000 0.99999475425036088 1.00000000000000005E-004
3243.9659465700001 0.99999489433236521 1.00000000000000005E-004
3243.9800134799998 0.99999502887318525 1.00000000000000005E-004
3243.9940804600001 0.99999515816148543 1.00000000000000005E-004
3244.0081475000002 0.99999528246733194 1.00000000000000005E-004
3244.0222146000001 0.99999540204361925 1.00000000000000005E-004
3244.0362817599998 0.99999551712743928 1.00000000000000005E-004
3244.0503489900002 0.99999562794117158 1.00000000000000005E-004
3244.0644162700000 0.99999573469355529 1.00000000000000005E-004
3244.0784836100001 0.99999583758079436 1.00000000000000005E-004
3244.0925510200000 0.99999593678740306 1.00000000000000005E-004
3244.1066184900001 0.99999603248691438 1.00000000000000005E-004
3244.1206860100001 0.99999612484277167 1.00000000000000005E-004
3244.1347535999998 0.99999621400906558 1.00000000000000005E-004
3244.1488212499999 0.99999630013107155 1.00000000000000005E-004
3244.1628889600001 0.99999638334585694 1.00000000000000005E-004
3244.1769567299998 0.99999646378287710 1.00000000000000005E-004
3244.1910245600002 0.99999654156447981 1.00000000000000005E-004
3244.2050924599998 0.99999661680632979 1.00000000000000005E-004
3244.2191604099999 0.99999668961783650 1.00000000000000005E-004
3244.2332284300001 0.99999676010259542 1.00000000000000005E-004
3244.2472965000002 0.99999682835874415 1.00000000000000005E-004
3244.2613646400000 0.99999689447931273 1.00000000000000005E-004
3244.2754328400001 0.99999695855250781 1.00000000000000005E-004
3244.2895011000001 0.99999702066201090 1.00000000000000005E-004
3244.3035694199998 0.99999708088728123 1.00000000000000005E-004
3244.3176377999998 0.99999713930380618 1.00000000000000005E-004
3244.3317062400001 0.99999719598333880 1.00000000000000005E-004
3244.3457747500001 0.99999725099409453 1.00000000000000005E-004
3244.3598433100001 0.99999730440095680 1.00000000000000005E-004
3244.3739119400002 0.99999735626569608 1.00000000000000005E-004
3244.3879806199998 0.99999740664714243 1.00000000000000005E-004
3244.4020493700000 0.99999745560135433 1.00000000000000005E-004
3244.4161181800000 0.99999750318175640 1.00000000000000005E-004
3244.4301870499999 0.99999754943928099 1.00000000000000005E-004
3244.4442559800000 0.99999759442253255 1.00000000000000005E-004
3244.4583249699999 0.99999763817790577 1.00000000000000005E-004
3244.4723940200001 0.99999768074971318 1.00000000000000005E-004
3244.4864631400001 0.99999772218027372 1.00000000000000005E-004
3244.5005323099999 0.99999776251001904 1.00000000000000005E-004
3244.5146015500000 0.99999780177761677 1.00000000000000005E-004
3244.5286708399999 0.99999784002005221 1.00000000000000005E-004
3244.5427402000000 0.99999787727272382 1.00000000000000005E-004
3244.5568096200000 0.99999791356950596 1.00000000000000005E-004
3244.5708791000002 0.99999794894282379 1.00000000000000005E-004
3244.5849486400002 0.99999798342374824 1.00000000000000005E-004
3244.5990182400001 0.99999801704205638 1.00000000000000005E-004
3244.6130879000002 0.99999804982630169 1.00000000000000005E-004
3244.6271576300001 0.99999808180385419 1.00000000000000005E-004
3244.6412274099998 0.99999811300096619 1.00000000000000005E-004
3244.6552972600002 0.99999814344283278 1.00000000000000005E-004
3244.6693671600001 0.99999817315364592 1.00000000000000005E-004
3244.6834371300001 0.99999820215664104 1.00000000000000005E-004
3244.6975071600000 0.99999823047413083 1.00000000000000005E-004
3244.7115772500001 0.99999825812754883 1.00000000000000005E-004
3244.7256474000001 0.99999828513750011 1.00000000000000005E-004
3244.7397176099998 0.99999831152380247 1.00000000000000005E-004
3244.7537878799999 0.99999833730552024 1.00000000000000005E-004
3244.7678582200001 0.99999836250098850 1.00000000000000005E-004
3244.7819286099998 0.99999838712784594 1.00000000000000005E-004
3244.7959990700001 0.99999841120308441 1.00000000000000005E-004
3244.8100695899998 0.99999843474305306 1.00000000000000005E-004
3244.8241401599998 0.99999845776350249 1.00000000000000005E-004
3244.8382108000001 0.99999848027962246 1.00000000000000005E-004
3244.8522815000001 0.99999850230604181 1.00000000000000005E-004
3244.8663522600000 0.99999852385685761 1.00000000000000005E-004
3244.8804230800001 0.99999854494567220 1.00000000000000005E-004
3244.8944939700000 0.99999856558559985 1.00000000000000005E-004
3244.9085649100002 0.99999858578928980 1.00000000000000005E-004
3244.9226359200002 0.99999860556895037 1.00000000000000005E-004
3244.9367069800001 0.99999862493636837 1.00000000000000005E-004
3244.9507781100001 0.99999864390292881 1.00000000000000005E-004
3244.9648493000000 0.99999866247962110 1.00000000000000005E-004
3244.9789205500001 0.99999868067705433 1.00000000000000005E-004
3244.9929918600001 0.99999869850548440 1.00000000000000005E-004
3245.0070632299999 0.99999871597482359 1.00000000000000005E-004
3245.0211346599999 0.99999873309465315 1.00000000000000005E-004
3245.0352061499998 0.99999874987424131 1.00000000000000005E-004
3245.0492777099998 0.99999876632254725 1.00000000000000005E-004
3245.0633493199998 0.99999878244823104 1.00000000000000005E-004
3245.0774210000000 0.99999879825967664 1.00000000000000005E-004
3245.0914927300000 0.99999881376499833 1.00000000000000005E-004
3245.1055645299998 0.99999882897205350 1.00000000000000005E-004
3245.1196363899999 0.99999884388844584 1.00000000000000005E-004
3245.1337083100002 0.99999885852153170 1.00000000000000005E-004
3245.1477802899999 0.99999887287844336 1.00000000000000005E-004
3245.1618523299999 0.99999888696609063 1.00000000000000005E-004
3245.1759244400000 0.99999890079116860 1.00000000000000005E-004
3245.1899966000001 0.99999891436028887 1.00000000000000005E-004
3245.2040688299999 0.99999892768489584 1.00000000000000005E-004
3245.2181411100000 0.99999894088928631 1.00000000000000005E-004
3245.2322134599999 0.99999895549561835 1.00000000000000005E-004
3245.2462858700001 0.99999898216062066 1.00000000000000005E-004
3245.2603583400000 0.99999905955463886 1.00000000000000005E-004
3245.2744308699998 0.99999924713974186 1.00000000000000005E-004
3245.2885034599999 0.99999953554970067 1.00000000000000005E-004
3245.3025761099998 0.99999980077689121 1.00000000000000005E-004
3245.3166488299998 0.99999994467912190 1.00000000000000005E-004
3245.3307215999998 0.99999999049411659 1.00000000000000005E-004
3245.3447944400000 0.99999999901751513 1.00000000000000005E-004
3245.3588673300001 0.99999999994004662 1.00000000000000005E-004
3245.3729402899999 0.99999999999786826 1.00000000000000005E-004
3245.3870133099999 0.99999999999995703 1.00000000000000005E-004
3245.4010863899998 0.99999999999999989 1.00000000000000005E-004
3245.4151595300000 1.0000000000000000 1.00000000000000005E-004
3245.4292327300000 1.0000000000000000 1.00000000000000005E-004
3245.4433059900002 1.0000000000000000 1.00000000000000005E-004
3245.4573793200002 1.0000000000000000 1.00000000000000005E-004
3245.4714527000001 1.0000000000000000 1.00000000000000005E-004
3245.4855261500002 1.0000000000000000 1.00000000000000005E-004
3245.4995996500002 1.0000000000000000 1.00000000000000005E-004
3245.5136732199999 1.0000000000000000 1.00000000000000005E-004
3245.5277468499999 1.0000000000000000 1.00000000000000005E-004
3245.5418205400001 1.0000000000000000 1.00000000000000005E-004
3245.5558942900002 1.0000000000000000 1.00000000000000005E-004
3245.5699681000001 1.0000000000000000 1.00000000000000005E-004
3245.5840419800002 1.0000000000000000 1.00000000000000005E-004
3245.5981159100002 1.0000000000000000 1.00000000000000005E-004
3245.6121899000000 1.0000000000000000 1.00000000000000005E-004
3245.6262639600000 1.0000000000000000 1.00000000000000005E-004
3245.6403380800002 1.0000000000000000 1.00000000000000005E-004
3245.6544122599998 1.0000000000000000 1.00000000000000005E-004
3245.6684865000002 1.0000000000000000 1.00000000000000005E-004
3245.6825607999999 1.0000000000000000 1.00000000000000005E-004
3245.6966351599999 1.0000000000000000 1.00000000000000005E-004
3245.7107095800002 1.0000000000000000 1.00000000000000005E-004
3245.7247840599998 1.0000000000000000 1.00000000000000005E-004
3245.7388586100001 1.0000000000000000 1.00000000000000005E-004
3245.7529332099998 1.0000000000000000 1.00000000000000005E-004
3245.7670078800002 1.0000000000000000 1.00000000000000005E-004
3245.7810826099999 1.0000000000000000 1.00000000000000005E-004
3245.7951573900000 1.0000000000000000 1.00000000000000005E-004
3245.8092322399998 1.0000000000000000 1.00000000000000005E-004
3245.8233071499999 1.0000000000000000 1.00000000000000005E-004
3245.8373821199998 1.0000000000000000 1.00000000000000005E-004
3245.8514571599999 1.0000000000000000 1.00000000000000005E-004
3245.8655322499999 1.0000000000000000 1.00000000000000005E-004
3245.8796074100001 1.0000000000000000 1.00000000000000005E-004
3245.8936826200002 1.0000000000000000 1.00000000000000005E-004
