3227.1575131099999 1.0000000000000000 1.00000000000000005E-004
3227.1715071399999 1.0000000000000000 1.00000000000000005E-004
3227.1855012400001 1.0000000000000000 1.00000000000000005E-004
3227.1994953899998 1.0000000000000000 1.00000000000000005E-004
3227.2134895999998 1.0000000000000000 1.00000000000000005E-004
3227.2274838700000 1.0000000000000000 1.00000000000000005E-004
3227.2414782100000 1.0000000000000000 1.00000000000000005E-004
3227.2554725999998 1.0000000000000000 1.00000000000000005E-004
3227.2694670599999 1.0000000000000000 1.00000000000000005E-004
3227.2834615699999 1.0000000000000000 1.00000000000000005E-004
3227.2974561500000 1.0000000000000000 1.00000000000000005E-004
3227.3114507900000 1.0000000000000000 1.00000000000000005E-004
3227.3254454799999 1.0000000000000000 1.00000000000000005E-004
3227.3394402399999 1.0000000000000000 1.00000000000000005E-004
3227.3534350599998 1.0000000000000000 1.00000000000000005E-004
3227.3674299400000 1.0000000000000000 1.00000000000000005E-004
3227.3814248799999 1.0000000000000000 1.00000000000000005E-004
3227.3954198800002 1.0000000000000000 1.00000000000000005E-004
3227.4094149500002 1.0000000000000000 1.00000000000000005E-004
3227.4234100700000 1.0000000000000000 1.00000000000000005E-004
3227.4374052500002 1.0000000000000000 1.00000000000000005E-004
3227.4514005000001 1.0000000000000000 1.00000000000000005E-004
3227.4653957999999 1.0000000000000000 1.00000000000000005E-004
3227.4793911699999 1.0000000000000000 1.00000000000000005E-004
3227.4933865899998 1.0000000000000000 1.00000000000000005E-004
3227.5073820799998 1.0000000000000000 1.00000000000000005E-004
3227.5213776300002 1.0000000000000000 1.00000000000000005E-004
3227.5353732300000 1.0000000000000000 1.00000000000000005E-004
3227.5493689000000 1.0000000000000000 1.00000000000000005E-004
3227.5633646299998 1.0000000000000000 1.00000000000000005E-004
3227.5773604199999 1.0000000000000000 1.00000000000000005E-004
3227.5913562699998 1.0000000000000000 1.00000000000000005E-004
3227.6053521899998 1.0000000000000000 1.00000000000000005E-004
3227.6193481599998 1.0000000000000000 1.00000000000000005E-004
3227.6333441900001 1.0000000000000000 1.00000000000000005E-004
3227.6473402900001 1.0000000000000000 1.00000000000000005E-004
3227.6613364400000 1.0000000000000000 1.00000000000000005E-004
3227.6753326500002 1.0000000000000000 1.00000000000000005E-004
3227.6893289300001 1.0000000000000000 1.00000000000000005E-004
3227.7033252699998 1.0000000000000000 1.00000000000000005E-004
3227.7173216599999 1.0000000000000000 1.00000000000000005E-004
3227.7313181200002 1.0000000000000000 1.00000000000000005E-004
3227.7453146399998 1.0000000000000000 1.00000000000000005E-004
3227.7593112200002 1.0000000000000000 1.00000000000000005E-004
3227.7733078599999 1.0000000000000000 1.00000000000000005E-004
3227.7873045599999 1.0000000000000000 1.00000000000000005E-004
3227.8013013200002 1.0000000000000000 1.00000000000000005E-004
3227.8152981399999 1.0000000000000000 1.00000000000000005E-004
3227.8292950300001 1.0000000000000000 1.00000000000000005E-004
3227.8432919699999 1.0000000000000000 1.00000000000000005E-004
3227.8572889699999 1.0000000000000000 1.00000000000000005E-004
3227.8712860400001 1.0000000000000000 1.00000000000000005E-004
3227.8852831700001 1.0000000000000000 1.00000000000000005E-004
3227.8992803500000 1.0000000000000000 1.00000000000000005E-004
3227.9132776000001 1.0000000000000000 1.00000000000000005E-004
3227.9272749100001 1.0000000000000000 1.00000000000000005E-004
3227.9412722699999 1.0000000000000000 1.00000000000000005E-004
3227.9552696999999 1.0000000000000000 1.00000000000000005E-004
3227.9692671900002 1.0000000000000000 1.00000000000000005E-004
3227.9832647399999 1.0000000000000000 1.00000000000000005E-004
3227.9972623499998 1.0000000000000000 1.00000000000000005E-004
3228.0112600299999 1.0000000000000000 1.00000000000000005E-004
3228.0252577599999 1.0000000000000000 1.00000000000000005E-004
3228.0392555499998 1.0000000000000000 1.00000000000000005E-004
3228.0532534099998 1.0000000000000000 1.00000000000000005E-004
3228.0672513200002 1.0000000000000000 1.00000000000000005E-004
3228.0812492999999 1.0000000000000000 1.00000000000000005E-004
3228.0952473299999 1.0000000000000000 1.00000000000000005E-004
3228.1092454300001 1.0000000000000000 1.00000000000000005E-004
3228.1232435900001 1.0000000000000000 1.00000000000000005E-004
3228.1372418000001 1.0000000000000000 1.00000000000000005E-004
3228.1512400800002 1.0000000000000000 1.00000000000000005E-004
3228.1652384200002 1.0000000000000000 1.00000000000000005E-004
3228.1792368199999 1.0000000000000000 1.00000000000000005E-004
3228.1932352800000 1.0000000000000000 1.00000000000000005E-004
3228.2072338100002 1.0000000000000000 1.00000000000000005E-004
3228.2212323899998 1.0000000000000000 1.00000000000000005E-004
3228.2352310299998 1.0000000000000000 1.00000000000000005E-004
3228.2492297300000 1.0000000000000000 1.00000000000000005E-004
3228.2632285000000 1.0000000000000000 1.00000000000000005E-004
3228.2772273199998 1.0000000000000000 1.00000000000000005E-004
3228.2912262099999 1.0000000000000000 1.00000000000000005E-004
3228.3052251600002 1.0000000000000000 1.00000000000000005E-004
3228.3192241600000 1.0000000000000000 1.00000000000000005E-004
3228.3332232299999 1.0000000000000000 1.00000000000000005E-004
3228.3472223600002 1.0000000000000000 1.00000000000000005E-004
3228.3612215500002 1.0000000000000000 1.00000000000000005E-004
3228.3752208000001 1.0000000000000000 1.00000000000000005E-004
3228.3892201100002 1.0000000000000000 1.00000000000000005E-004
3228.4032194800002 1.0000000000000000 1.00000000000000005E-004
3228.4172189100000 1.0000000000000000 1.00000000000000005E-004
3228.4312184099999 1.0000000000000000 1.00000000000000005E-004
3228.4452179599998 1.0000000000000000 1.00000000000000005E-004
3228.4592175700000 1.0000000000000000 1.00000000000000005E-004
3228.4732172499998 1.0000000000000000 1.00000000000000005E-004
3228.4872169900000 1.0000000000000000 1.00000000000000005E-004
3228.5012167800000 1.0000000000000000 1.00000000000000005E-004
3228.5152166399998 1.0000000000000000 1.00000000000000005E-004
3228.5292165599999 1.0000000000000000 1.00000000000000005E-004
3228.5432165399998 1.0000000000000000 1.00000000000000005E-004
3228.5572165700000 1.0000000000000000 1.00000000000000005E-004
3228.5712166700000 1.0000000000000000 1.00000000000000005E-004
3228.5852168400002 1.0000000000000000 1.00000000000000005E-004
3228.5992170599998 1.0000000000000000 1.00000000000000005E-004
3228.6132173400001 1.0000000000000000 1.00000000000000005E-004
3228.6272176799998 1.0000000000000000 1.00000000000000005E-004
3228.6412180900002 1.0000000000000000 1.00000000000000005E-004
3228.6552185500000 1.0000000000000000 1.00000000000000005E-004
3228.6692190700001 1.0000000000000000 1.00000000000000005E-004
3228.6832196599998 1.0000000000000000 1.00000000000000005E-004
3228.6972203099999 1.0000000000000000 1.00000000000000005E-004
3228.7112210099999 1.0000000000000000 1.00000000000000005E-004
3228.7252217800001 1.0000000000000000 1.00000000000000005E-004
3228.7392226100001 0.99999999999998690 1.00000000000000005E-004
3228.7532234999999 0.99999999999921940 1.00000000000000005E-004
3228.7672244500000 0.99999999997448974 1.00000000000000005E-004
3228.7812254599999 0.99999999951582230 1.00000000000000005E-004
3228.7952265300000 0.99999999459508437 1.00000000000000005E-004
3228.8092276600000 0.99999996390921997 1.00000000000000005E-004
3228.8232288600002 0.99999985214015874 1.00000000000000005E-004
3228.8372301099998 0.99999961315085351 1.00000000000000005E-004
3228.8512314200002 0.99999931100621320 1.00000000000000005E-004
3228.8652327999998 0.99999908110889213 1.00000000000000005E-004
3228.8792342299998 0.99999896844793235 1.00000000000000005E-004
3228.8932357300000 0.99999892177549721 1.00000000000000005E-004
3228.9072372900000 0.99999889336814252 1.00000000000000005E-004
3228.9212389099998 0.99999886706574093 1.00000000000000005E-004
3228.9352405800000 0.99999884009751450 1.00000000000000005E-004
3228.9492423199999 0.99999881216853614 1.00000000000000005E-004
3228.9632441200001 0.99999878321851010 1.00000000000000005E-004
3228.9772459800001 0.99999875319662312 1.00000000000000005E-004
3228.9912479000000 0.99999872204926143 1.00000000000000005E-004
3229.0052498900000 0.99999868971942574 1.00000000000000005E-004
3229.0192519299999 0.99999865614647698 1.00000000000000005E-004
3229.0332540300001 0.99999862126581052 1.00000000000000005E-004
3229.0472562000000 0.99999858500856609 1.00000000000000005E-004
3229.0612584199998 0.99999854730130544 1.00000000000000005E-004
3229.0752607099998 0.99999850806561907 1.00000000000000005E-004
3229.0892630500002 0.99999846721771557 1.00000000000000005E-004
3229.1032654599999 0.99999842466796773 1.00000000000000005E-004
3229.1172679299998 0.99999838032044153 1.00000000000000005E-004
3229.1312704600000 0.99999833407235217 1.00000000000000005E-004
3229.1452730500000 0.99999828581344652 1.00000000000000005E-004
3229.1592756999999 0.99999823542535016 1.00000000000000005E-004
3229.1732784100000 0.99999818278084374 1.00000000000000005E-004
3229.1872811799999 0.99999812774305175 1.00000000000000005E-004
3229.2012840100001 0.99999807016455111 1.00000000000000005E-004
3229.2152869000001 0.99999800988636489 1.00000000000000005E-004
3229.2292898599999 0.99999794673689013 1.00000000000000005E-004
3229.2432928700000 0.99999788053067418 1.00000000000000005E-004
3229.2572959499998 0.99999781106701413 1.00000000000000005E-004
3229.2712990800001 0.99999773812843606 1.00000000000000005E-004
3229.2853022800000 0.99999766147897906 1.00000000000000005E-004
3229.2993055400002 0.99999758086232693 1.00000000000000005E-004
3229.3133088499999 0.99999749599961341 1.00000000000000005E-004
3229.3273122300002 0.99999740658694070 1.00000000000000005E-004
3229.3413156699999 0.99999731229273836 1.00000000000000005E-004
3229.3553191699998 0.99999721275466380 1.00000000000000005E-004
3229.3693227300000 0.99999710757604465 1.00000000000000005E-004
3229.3833263500001 0.99999699632190087 1.00000000000000005E-004
3229.3973300399998 0.99999687851447139 1.00000000000000005E-004
3229.4113337799999 0.99999675362808238 1.00000000000000005E-004
3229.4253375799999 0.99999662108309662 1.00000000000000005E-004
3229.4393414500000 0.99999648023920851 1.00000000000000005E-004
3229.4533453700001 0.99999633038771918 1.00000000000000005E-004
3229.4673493599998 0.99999617074244751 1.00000000000000005E-004
3229.4813534099999 0.99999600042944403 1.00000000000000005E-004
3229.4953575099998 0.99999581847485475 1.00000000000000005E-004
3229.5093616800000 0.99999562379073903 1.00000000000000005E-004
3229.5233659099999 0.99999541515885337 1.00000000000000005E-004
3229.5373702000002 0.99999519121139580 1.00000000000000005E-004
3229.5513745500002 0.99999495040823849 1.00000000000000005E-004
3229.5653789600001 0.99999469101017879 1.00000000000000005E-004
3229.5793834299998 0.99999441104715914 1.00000000000000005E-004
3229.5933879600002 0.99999410828030877 1.00000000000000005E-004
3229.6073925599999 0.99999378015533535 1.00000000000000005E-004
3229.6213972099999 0.99999342370930144 1.00000000000000005E-004
3229.6354019300002 0.99999303491772795 1.00000000000000005E-004
3229.6494066999999 0.99999260388000655 1.00000000000000005E-004
3229.6634115400002 0.99999209620501717 1.00000000000000005E-004
3229.6774164300000 0.99999142923817841 1.00000000000000005E-004
3229.6914213900000 0.99999051036320796 1.00000000000000005E-004
3229.7054264100002 0.99998934956568708 1.00000000000000005E-004
3229.7194314899998 0.99998808505191261 1.00000000000000005E-004
3229.7334366300001 0.99998683816729184 1.00000000000000005E-004
3229.7474418299998 0.99998554450132504 1.00000000000000005E-004
3229.7614470899998 0.99998398574611969 1.00000000000000005E-004
3229.7754524100001 0.99998206191988070 1.00000000000000005E-004
3229.7894578000000 0.99997993747943381 1.00000000000000005E-004
3229.8034632399999 0.99997777884809025 1.00000000000000005E-004
3229.8174687400001 0.99997552727154648 1.00000000000000005E-004
3229.8314743100000 0.99997302009549360 1.00000000000000005E-004
3229.8454799299998 0.99997012611449665 1.00000000000000005E-004
3229.8594856200002 0.99996673709074491 1.00000000000000005E-004
3229.8734913700000 0.99996272844575662 1.00000000000000005E-004
3229.8874971700002 0.99995793643187614 1.00000000000000005E-004
3229.9015030400001 0.99995213846708986 1.00000000000000005E-004
3229.9155089699998 0.99994502481874581 1.00000000000000005E-004
3229.9295149599998 0.99993615274259717 1.00000000000000005E-004
3229.9435210100000 0.99992486811646719 1.00000000000000005E-004
3229.9575271200001 0.99991015605987410 1.00000000000000005E-004
3229.9715332999999 0.99989019306377280 1.00000000000000005E-004
3229.9855395300001 0.99985914337845394 1.00000000000000005E-004
3229.9995458200001 0.99977696800835814 1.00000000000000005E-004
3230.0135521799998 0.99933986384362150 1.00000000000000005E-004
3230.0275585899999 0.99675808599506655 1.00000000000000005E-004
3230.0415650700002 0.98462585480199560 1.00000000000000005E-004
3230.0555715999999 0.94287425396638713 1.00000000000000005E-004
3230.0695781999998 0.84038121551668443 1.00000000000000005E-004
3230.0835848600000 0.66371148062650664 1.00000000000000005E-004
3230.0975915800000 0.45473857344989227 1.00000000000000005E-004
3230.1115983599998 0.29949518450368423 1.00000000000000005E-004
3230.1256051999999 0.26907316382035540 1.00000000000000005E-004
3230.1396120999998 0.37733044376518909 1.00000000000000005E-004
3230.1536190600000 0.57464054215463045 1.00000000000000005E-004
3230.1676260800000 0.77370051112981320 1.00000000000000005E-004
3230.1816331700002 0.90857759392033410 1.00000000000000005E-004
3230.1956403099998 0.97227604371291843 1.00000000000000005E-004
3230.2096475200001 0.99358634065656470 1.00000000000000005E-004
3230.2236547799998 0.99873591703255216 1.00000000000000005E-004
3230.2376621100002 0.99967862999901269 1.00000000000000005E-004
3230.2516694900000 0.99983661006861990 1.00000000000000005E-004
3230.2656769400000 0.99987914647760789 1.00000000000000005E-004
3230.2796844499999 0.99990249971834577 1.00000000000000005E-004
3230.2936920200000 0.99991912738035327 1.00000000000000005E-004
3230.3076996499999 0.99993171028631633 1.00000000000000005E-004
3230.3217073400001 0.99994150823313777 1.00000000000000005E-004
3230.3357150900001 0.99994930282462990 1.00000000000000005E-004
3230.3497229000000 0.99995561402055200 1.00000000000000005E-004
3230.3637307800000 0.99996080086207251 1.00000000000000005E-004
3230.3777387099999 0.99996511859580250 1.00000000000000005E-004
3230.3917467000001 0.99996875326524404 1.00000000000000005E-004
3230.4057547600000 0.99997184489641799 1.00000000000000005E-004
3230.4197628799998 0.99997451159295359 1.00000000000000005E-004
3230.4337710499999 0.99997688819506259 1.00000000000000005E-004
3230.4477792900002 0.99997913948924844 1.00000000000000005E-004
3230.4617875899999 0.99998134041312592 1.00000000000000005E-004
3230.4757959499998 0.99998334564487379 1.00000000000000005E-004
3230.4898043700000 0.99998497205371784 1.00000000000000005E-004
3230.5038128500000 0.99998626942185775 1.00000000000000005E-004
3230.5178213899999 0.99998745250595933 1.00000000000000005E-004
3230.5318299900000 0.99998866495748684 1.00000000000000005E-004
3230.5458386500000 0.99998987520365479 1.00000000000000005E-004
3230.5598473800001 0.99999094827122181 1.00000000000000005E-004
3230.5738561600001 0.99999178095148378 1.00000000000000005E-004
3230.5878650000000 0.99999238779284871 1.00000000000000005E-004
3230.6018739100000 0.99999285963420759 1.00000000000000005E-004
3230.6158828799998 0.99999326679908807 1.00000000000000005E-004
3230.6298919000001 0.99999363620830328 1.00000000000000005E-004
3230.6439009900000 0.99999397558100622 1.00000000000000005E-004
3230.6579101399998 0.99999428842523597 1.00000000000000005E-004
3230.6719193499998 0.99999457746076115 1.00000000000000005E-004
3230.6859286200001 0.99999484504955405 1.00000000000000005E-004
3230.6999379499998 0.99999509326661951 1.00000000000000005E-004
3230.7139473399998 0.99999532394144353 1.00000000000000005E-004
3230.7279567900000 0.99999553869215807 1.00000000000000005E-004
3230.7419663100000 0.99999573895412719 1.00000000000000005E-004
3230.7559758799998 0.99999592600419784 1.00000000000000005E-004
3230.7699855100000 0.99999610098148795 1.00000000000000005E-004
3230.7839952099998 0.99999626490478521 1.00000000000000005E-004
3230.7980049700000 0.99999641868732314 1.00000000000000005E-004
3230.8120147800000 0.99999656314982122 1.00000000000000005E-004
3230.8260246599998 0.99999669903160759 1.00000000000000005E-004
3230.8400345999999 0.99999682699997539 1.00000000000000005E-004
3230.8540446000002 0.99999694765846281 1.00000000000000005E-004
3230.8680546599999 0.99999706155410084 1.00000000000000005E-004
3230.8820647799998 0.99999716918363246 1.00000000000000005E-004
3230.8960749600001 0.99999727099896307 1.00000000000000005E-004
3230.9100852000001 0.99999736741193679 1.00000000000000005E-004
3230.9240955000000 0.99999745879855062 1.00000000000000005E-004
3230.9381058700001 0.99999754550259101 1.00000000000000005E-004
3230.9521162900000 0.99999762783889601 1.00000000000000005E-004
3230.9661267800002 0.99999770609627170 1.00000000000000005E-004
3230.9801373199998 0.99999778054002875 1.00000000000000005E-004
3230.9941479300001 0.99999785141424191 1.00000000000000005E-004
3231.0081586000001 0.99999791894371792 1.00000000000000005E-004
3231.0221693200001 0.99999798333582579 1.00000000000000005E-004
3231.0361801099998 0.99999804478214027 1.00000000000000005E-004
3231.0501909599998 0.99999810345979612 1.00000000000000005E-004
3231.0642018700000 0.99999815953278526 1.00000000000000005E-004
3231.0782128400001 0.99999821315314963 1.00000000000000005E-004
3231.0922238799999 0.99999826446197726 1.00000000000000005E-004
3231.1062349700001 0.99999831359032365 1.00000000000000005E-004
3231.1202461200000 0.99999836066011449 1.00000000000000005E-004
3231.1342573400002 0.99999840578486632 1.00000000000000005E-004
3231.1482686099998 0.99999844907035107 1.00000000000000005E-004
3231.1622799500001 0.99999849061524781 1.00000000000000005E-004
3231.1762913399998 0.99999853051170795 1.00000000000000005E-004
3231.1903028000002 0.99999856884586569 1.00000000000000005E-004
3231.2043143199999 0.99999860569829235 1.00000000000000005E-004
3231.2183258999999 0.99999864114441761 1.00000000000000005E-004
3231.2323375400001 0.99999867525493535 1.00000000000000005E-004
3231.2463492400002 0.99999870809615343 1.00000000000000005E-004
3231.2603610000001 0.99999873973031117 1.00000000000000005E-004
3231.2743728199998 0.99999877021587902 1.00000000000000005E-004
3231.2883846999998 0.99999879960782567 1.00000000000000005E-004
3231.3023966400001 0.99999882795793849 1.00000000000000005E-004
3231.3164086500001 0.99999885531764743 1.00000000000000005E-004
3231.3304207100000 0.99999888180231611 1.00000000000000005E-004
3231.3444328400001 0.99999890844617778 1.00000000000000005E-004
3231.3584450300000 0.99999894306992831 1.00000000000000005E-004
3231.3724572699998 0.99999901774116706 1.00000000000000005E-004
3231.3864695799998 0.99999919174307872 1.00000000000000005E-004
3231.4004819500001 0.99999947528069555 1.00000000000000005E-004
3231.4144943800002 0.99999975879686864 1.00000000000000005E-004
3231.4285068700001 0.99999992736531429 1.00000000000000005E-004
3231.4425194199998 0.99999998636468912 1.00000000000000005E-004
3231.4565320299998 0.99999999845314314 1.00000000000000005E-004
3231.4705447000001 0.99999999989606847 1.00000000000000005E-004
3231.4845574400001 0.99999999999592148 1.00000000000000005E-004
3231.4985702300000 0.99999999999990830 1.00000000000000005E-004
3231.5125830799998 0.99999999999999933 1.00000000000000005E-004
3231.5265960000002 1.0000000000000000 1.00000000000000005E-004
3231.5406089799999 1.0000000000000000 1.00000000000000005E-004
3231.5546220100000 1.0000000000000000 1.00000000000000005E-004
3231.5686351099998 1.0000000000000000 1.00000000000000005E-004
3231.5826482699999 1.0000000000000000 1.00000000000000005E-004
3231.5966614899999 1.0000000000000000 1.00000000000000005E-004
3231.6106747700001 1.0000000000000000 1.00000000000000005E-004
3231.6246881100001 1.0000000000000000 1.00000000000000005E-004
3231.6387015099999 1.0000000000000000 1.00000000000000005E-004
3231.6527149700000 1.0000000000000000 1.00000000000000005E-004
3231.6667284999999 1.0000000000000000 1.00000000000000005E-004
3231.6807420800001 1.0000000000000000 1.00000000000000005E-004
3231.6947557200001 1.0000000000000000 1.00000000000000005E-004
3231.7087694299998 1.0000000000000000 1.00000000000000005E-004
3231.7227831999999 1.0000000000000000 1.00000000000000005E-004
3231.7367970199998 1.0000000000000000 1.00000000000000005E-004
3231.7508109099999 1.0000000000000000 1.00000000000000005E-004
3231.7648248599999 1.0000000000000000 1.00000000000000005E-004
3231.7788388700001 1.0000000000000000 1.00000000000000005E-004
3231.7928529400001 1.0000000000000000 1.00000000000000005E-004
3231.8068670700000 1.0000000000000000 1.00000000000000005E-004
3231.8208812600001 1.0000000000000000 1.00000000000000005E-004
3231.8348955100000 1.0000000000000000 1.00000000000000005E-004
3231.8489098300001 1.0000000000000000 1.00000000000000005E-004
3231.8629242000002 1.0000000000000000 1.00000000000000005E-004
3231.8769386300000 1.0000000000000000 1.00000000000000005E-004
3231.8909531300001 1.0000000000000000 1.00000000000000005E-004
3231.9049676899999 1.0000000000000000 1.00000000000000005E-004
3231.9189823000002 1.0000000000000000 1.00000000000000005E-004
3231.9329969800001 1.0000000000000000 1.00000000000000005E-004
3231.9470117199999 1.0000000000000000 1.00000000000000005E-004
3231.9610265199999 1.0000000000000000 1.00000000000000005E-004
3231.9750413800002 1.0000000000000000 1.00000000000000005E-004
3231.9890562999999 1.0000000000000000 1.00000000000000005E-004
3232.0030712799999 1.0000000000000000 1.00000000000000005E-004
3232.0170863200001 1.0000000000000000 1.00000000000000005E-004
3232.0311014300000 1.0000000000000000 1.00000000000000005E-004
3232.0451165899999 1.0000000000000000 1.00000000000000005E-004
3232.0591318100001 1.0000000000000000 1.00000000000000005E-004
3232.0731470999999 1.0000000000000000 1.00000000000000005E-004
3232.0871624500001 1.0000000000000000 1.00000000000000005E-004
3232.1011778500001 1.0000000000000000 1.00000000000000005E-004
3232.1151933199999 1.0000000000000000 1.00000000000000005E-004
3232.1292088499999 1.0000000000000000 1.00000000000000005E-004
3232.1432244399998 1.0000000000000000 1.00000000000000005E-004
3232.1572400900000 1.0000000000000000 1.00000000000000005E-004
3232.1712557999999 1.0000000000000000 1.00000000000000005E-004
3232.1852715700002 1.0000000000000000 1.00000000000000005E-004
3232.1992873999998 1.0000000000000000 1.00000000000000005E-004
3232.2133033000000 1.0000000000000000 1.00000000000000005E-004
3232.2273192500002 1.0000000000000000 1.00000000000000005E-004
3232.2413352700000 1.0000000000000000 1.00000000000000005E-004
3232.2553513399998 1.0000000000000000 1.00000000000000005E-004
3232.2693674799998 1.0000000000000000 1.00000000000000005E-004
3232.2833836800000 1.0000000000000000 1.00000000000000005E-004
3232.2973999300002 1.0000000000000000 1.00000000000000005E-004
3232.3114162500001 1.0000000000000000 1.00000000000000005E-004
3232.3254326299998 1.0000000000000000 1.00000000000000005E-004
3232.3394490699998 1.0000000000000000 1.00000000000000005E-004
3232.3534655700000 1.0000000000000000 1.00000000000000005E-004
3232.3674821300001 1.0000000000000000 1.00000000000000005E-004
3232.3814987599999 1.0000000000000000 1.00000000000000005E-004
3232.3955154400001 1.0000000000000000 1.00000000000000005E-004
3232.4095321800000 1.0000000000000000 1.00000000000000005E-004
3232.4235489900002 1.0000000000000000 1.00000000000000005E-004
3232.4375658499998 1.0000000000000000 1.00000000000000005E-004
3232.4515827800001 1.0000000000000000 1.00000000000000005E-004
3232.4655997700002 1.0000000000000000 1.00000000000000005E-004
3232.4796168200000 1.0000000000000000 1.00000000000000005E-004
3232.4936339300002 1.0000000000000000 1.00000000000000005E-004
3232.5076510899999 1.0000000000000000 1.00000000000000005E-004
3232.5216683300000 1.0000000000000000 1.00000000000000005E-004
3232.5356856200001 1.0000000000000000 1.00000000000000005E-004
3232.5497029700000 1.0000000000000000 1.00000000000000005E-004
3232.5637203800002 1.0000000000000000 1.00000000000000005E-004
3232.5777378500002 1.0000000000000000 1.00000000000000005E-004
3232.5917553899999 1.0000000000000000 1.00000000000000005E-004
3232.6057729800000 1.0000000000000000 1.00000000000000005E-004
3232.6197906399998 1.0000000000000000 1.00000000000000005E-004
3232.6338083599999 1.0000000000000000 1.00000000000000005E-004
3232.6478261299999 1.0000000000000000 1.00000000000000005E-004
3232.6618439700001 1.0000000000000000 1.00000000000000005E-004
3232.6758618700001 1.0000000000000000 1.00000000000000005E-004
3232.6898798299999 1.0000000000000000 1.00000000000000005E-004
3232.7038978500000 1.0000000000000000 1.00000000000000005E-004
3232.7179159299999 1.0000000000000000 1.00000000000000005E-004
3232.7319340700001 1.0000000000000000 1.00000000000000005E-004
3232.7459522800000 1.0000000000000000 1.00000000000000005E-004
3232.7599705399998 1.0000000000000000 1.00000000000000005E-004
3232.7739888699998 1.0000000000000000 1.00000000000000005E-004
3232.7880072500002 1.0000000000000000 1.00000000000000005E-004
3232.8020256999998 1.0000000000000000 1.00000000000000005E-004
3232.8160441999999 1.0000000000000000 1.00000000000000005E-004
3232.8300627700000 1.0000000000000000 1.00000000000000005E-004
3232.8440814000001 1.0000000000000000 1.00000000000000005E-004
3232.8581000899999 1.0000000000000000 1.00000000000000005E-004
3232.8721188400000 1.0000000000000000 1.00000000000000005E-004
3232.8861376499999 1.0000000000000000 1.00000000000000005E-004
3232.9001565200001 1.0000000000000000 1.00000000000000005E-004
3232.9141754500001 1.0000000000000000 1.00000000000000005E-004
3232.9281944499999 1.0000000000000000 1.00000000000000005E-004
3232.9422135000000 1.0000000000000000 1.00000000000000005E-004
3232.9562326199998 1.0000000000000000 1.00000000000000005E-004
3232.9702517900000 1.0000000000000000 1.00000000000000005E-004
3232.9842710299999 1.0000000000000000 1.00000000000000005E-004
3232.9982903300001 1.0000000000000000 1.00000000000000005E-004
3233.0123096799998 1.0000000000000000 1.00000000000000005E-004
3233.0263291000001 1.0000000000000000 1.00000000000000005E-004
3233.0403485800002 1.0000000000000000 1.00000000000000005E-004
3233.0543681200002 1.0000000000000000 1.00000000000000005E-004
3233.0683877199999 1.0000000000000000 1.00000000000000005E-004
3233.0824073799999 1.0000000000000000 1.00000000000000005E-004
