# NFeII AlIII      CrII       FeII       MgI        MgII       MnII       SiII       SiIV       TiII       ZnII      
11.2000   3.16378    2.49426    2.50115    2.50703    2.53515    3.34113    2.50023    2.51181    2.47901    2.47201 
11.2500   3.16374    2.49618    2.50116    2.50705    2.53515    3.34149    2.50023    2.51184    2.48274    2.47478 
11.3000   3.16376    2.49793    2.50116    2.50707    2.53515    3.34140    2.50024    2.51187    2.48570    2.47747 
11.3500   3.16401    2.49942    2.50116    2.50709    2.53516    3.34250    2.50025    2.51189    2.48810    2.48012 
11.4000   3.16405    2.50101    2.50117    2.50710    2.53516    3.34273    2.50026    2.51191    2.48997    2.48446 
11.4500   3.16396    2.50139    2.50117    2.50711    2.53516    3.34281    2.50026    2.51193    2.49194    2.48692 
11.5000   3.16397    2.50278    2.50117    2.50712    2.53517    3.34323    2.50027    2.51194    2.49361    2.48970 
11.5500   3.16414    2.50346    2.50117    2.50714    2.53517    3.34367    2.50027    2.51195    2.49489    2.49389 
11.6000   3.16414    2.50423    2.50118    2.50715    2.53517    3.34388    2.50028    2.51197    2.49608    2.49374 
11.6500   3.16426    2.50500    2.50118    2.50716    2.53518    3.34415    2.50028    2.51198    2.49715    2.49588 
11.7000   3.16414    2.50541    2.50118    2.50717    2.53518    3.34390    2.50029    2.51199    2.49824    2.49746 
11.7500   3.16435    2.50600    2.50118    2.50718    2.53519    3.34459    2.50029    2.51200    2.49897    2.49919 
11.8000   3.16435    2.50647    2.50118    2.50719    2.53519    3.34474    2.50029    2.51200    2.49971    2.50094 
11.8500   3.16444    2.50681    2.50118    2.50719    2.53520    3.34489    2.50030    2.51201    2.50036    2.50220 
11.9000   3.16438    2.50715    2.50118    2.50720    2.53521    3.34488    2.50030    2.51202    2.50090    2.50373 
11.9500   3.16446    2.50750    2.50118    2.50720    2.53521    3.34492    2.50030    2.51202    2.50138    2.50446 
12.0000   3.16449    2.50767    2.50118    2.50720    2.53522    3.34521    2.50030    2.51203    2.50178    2.50564 
12.0500   3.16454    2.50791    2.50118    2.50721    2.53523    3.34517    2.50030    2.51203    2.50216    2.50639 
12.1000   3.16453    2.50815    2.50118    2.50721    2.53524    3.34536    2.50030    2.51204    2.50243    2.50715 
12.1500   3.16450    2.50826    2.50118    2.50721    2.53525    3.34551    2.50030    2.51204    2.50274    2.50780 
12.2000   3.16452    2.50845    2.50118    2.50721    2.53526    3.34551    2.50030    2.51205    2.50301    2.50837 
12.2500   3.16451    2.50856    2.50118    2.50721    2.53527    3.34552    2.50030    2.51205    2.50318    2.50898 
12.3000   3.16447    2.50864    2.50117    2.50721    2.53528    3.34562    2.50030    2.51205    2.50340    2.50934 
12.3500   3.16447    2.50875    2.50117    2.50721    2.53529    3.34560    2.50030    2.51206    2.50352    2.50978 
12.4000   3.16444    2.50881    2.50117    2.50721    2.53531    3.34566    2.50030    2.51206    2.50365    2.51003 
12.4500   3.16441    2.50891    2.50117    2.50721    2.53532    3.34568    2.50030    2.51207    2.50376    2.51035 
12.5000   3.16437    2.50895    2.50117    2.50721    2.53534    3.34572    2.50031    2.51207    2.50387    2.51058 
12.5500   3.16432    2.50902    2.50117    2.50721    2.53535    3.34574    2.50031    2.51207    2.50395    2.51082 
12.6000   3.16427    2.50906    2.50117    2.50721    2.53537    3.34576    2.50031    2.51208    2.50403    2.51101 
12.6500   3.16421    2.50910    2.50117    2.50721    2.53539    3.34577    2.50031    2.51208    2.50409    2.51118 
12.7000   3.16414    2.50914    2.50117    2.50721    2.53542    3.34579    2.50031    2.51208    2.50416    2.51131 
12.7500   3.16406    2.50917    2.50118    2.50721    2.53545    3.34580    2.50031    2.51209    2.50421    2.51143 
12.8000   3.16397    2.50920    2.50118    2.50722    2.53548    3.34581    2.50031    2.51209    2.50425    2.51159 
12.8500   3.16387    2.50923    2.50118    2.50722    2.53551    3.34580    2.50031    2.51209    2.50430    2.51166 
12.9000   3.16376    2.50925    2.50118    2.50722    2.53554    3.34580    2.50031    2.51210    2.50433    2.51175 
12.9500   3.16364    2.50927    2.50118    2.50722    2.53558    3.34579    2.50031    2.51210    2.50436    2.51182 
13.0000   3.16350    2.50929    2.50118    2.50722    2.53562    3.34576    2.50032    2.51211    2.50439    2.51189 
13.0500   3.16334    2.50931    2.50118    2.50722    2.53565    3.34573    2.50032    2.51211    2.50442    2.51195 
13.1000   3.16316    2.50932    2.50118    2.50723    2.53569    3.34569    2.50033    2.51212    2.50444    2.51200 
13.1500   3.16296    2.50933    2.50118    2.50723    2.53572    3.34564    2.50033    2.51212    2.50446    2.51206 
13.2000   3.16274    2.50934    2.50118    2.50724    2.53574    3.34558    2.50034    2.51213    2.50447    2.51211 
13.2500   3.16248    2.50935    2.50118    2.50724    2.53577    3.34550    2.50035    2.51214    2.50449    2.51215 
13.3000   3.16219    2.50936    2.50117    2.50725    2.53579    3.34541    2.50037    2.51215    2.50450    2.51219 
13.3500   3.16186    2.50936    2.50117    2.50726    2.53580    3.34531    2.50040    2.51216    2.50451    2.51222 
13.4000   3.16149    2.50937    2.50116    2.50727    2.53582    3.34519    2.50044    2.51216    2.50452    2.51225 
13.4500   3.16107    2.50938    2.50116    2.50728    2.53583    3.34505    2.50050    2.51217    2.50453    2.51228 
13.5000   3.16059    2.50938    2.50115    2.50730    2.53584    3.34490    2.50057    2.51218    2.50454    2.51230 
13.5500   3.16004    2.50939    2.50115    2.50732    2.53584    3.34473    2.50067    2.51219    2.50455    2.51233 
13.6000   3.15941    2.50939    2.50114    2.50736    2.53584    3.34453    2.50076    2.51221    2.50456    2.51234 
13.6500   3.15869    2.50940    2.50114    2.50740    2.53583    3.34431    2.50085    2.51222    2.50457    2.51236 
13.7000   3.15787    2.50940    2.50113    2.50745    2.53582    3.34405    2.50091    2.51223    2.50457    2.51237 
13.7500   3.15692    2.50940    2.50113    2.50752    2.53580    3.34376    2.50093    2.51224    2.50458    2.51239 
13.8000   3.15583    2.50941    2.50113    2.50759    2.53578    3.34343    2.50093    2.51225    2.50459    2.51240 
13.8500   3.15456    2.50941    2.50112    2.50766    2.53575    3.34306    2.50092    2.51226    2.50460    2.51241 
13.9000   3.15306    2.50941    2.50112    2.50771    2.53572    3.34260    2.50089    2.51228    2.50461    2.51242 
13.9500   3.15132    2.50942    2.50112    2.50774    2.53569    3.34206    2.50086    2.51229    2.50462    2.51246 
14.0000   3.14928    2.50942    2.50111    2.50774    2.53567    3.34146    2.50084    2.51231    2.50462    2.51247 
14.0500   3.14681    2.50944    2.50111    2.50772    2.53563    3.34059    2.50081    2.51233    2.50464    2.51256 
14.1000   3.14399    2.50944    2.50111    2.50770    2.53563    3.33982    2.50078    2.51235    2.50465    2.51256 
14.1500   3.14093    2.50943    2.50111    2.50767    2.53571    3.33887    2.50075    2.51238    2.50465    2.51250 
14.2000   3.13667    2.50945    2.50112    2.50763    2.53561    3.33793    2.50073    2.51241    2.50467    2.51261 
14.2500   3.13198    2.50944    2.50112    2.50760    2.53558    3.33675    2.50070    2.51244    2.50467    2.51253 
14.3000   3.12649    2.50944    2.50112    2.50758    2.53584    3.33544    2.50068    2.51247    2.50468    2.51253 
14.3500   3.11961    2.50943    2.50112    2.50755    2.53588    3.33388    2.50066    2.51250    2.50468    2.51251 
14.4000   3.11166    2.50943    2.50112    2.50753    2.53592    3.33196    2.50064    2.51253    2.50469    2.51251 
14.4500   3.10243    2.50943    2.50112    2.50751    2.53596    3.32969    2.50061    2.51256    2.50470    2.51252 
14.5000   3.09168    2.50944    2.50113    2.50749    2.53599    3.32702    2.50059    2.51259    2.50472    2.51253 
14.5500   3.07915    2.50944    2.50113    2.50746    2.53602    3.32385    2.50056    2.51261    2.50474    2.51254 
14.6000   3.06447    2.50945    2.50113    2.50744    2.53604    3.32004    2.50054    2.51263    2.50476    2.51260 
14.6500   3.04668    2.50944    2.50113    2.50741    2.53606    3.31544    2.50050    2.51264    2.50477    2.51255 
14.7000   3.02557    2.50944    2.50113    2.50738    2.53608    3.30990    2.50046    2.51266    2.50480    2.51256 
14.7500   2.99980    2.50944    2.50113    2.50734    2.53610    3.30316    2.50040    2.51266    2.50482    2.51256 
14.8000   2.96797    2.50945    2.50113    2.50729    2.53612    3.29496    2.50033    2.51267    2.50485    2.51257 
14.8500   2.92914    2.50945    2.50113    2.50722    2.53614    3.28492    2.50024    2.51266    2.50488    2.51258 
14.9000   2.88383    2.50946    2.50113    2.50712    2.53613    3.27271    2.50012    2.51236    2.50491    2.51264 
14.9500   2.83593    2.50946    2.50113    2.50700    2.53617    3.25741    2.49995    2.51264    2.50494    2.51260 
15.0000   2.78913    2.50946    2.50114    2.50685    2.53618    3.23861    2.49974    2.51262    2.50496    2.51261 
15.0500   2.74489    2.50947    2.50114    2.50664    2.53620    3.21505    2.49946    2.51258    2.50499    2.51262 
15.1000   2.70257    2.50947    2.50114    2.50637    2.53621    3.18540    2.49910    2.51255    2.50500    2.51263 
15.1500   2.66172    2.50948    2.50115    2.50603    2.53622    3.14784    2.49867    2.51252    2.50501    2.51264 
15.2000   2.62412    2.50949    2.50115    2.50562    2.53624    3.10048    2.49816    2.51250    2.50502    2.51265 
15.2500   2.59474    2.50949    2.50115    2.50507    2.53622    3.04415    2.49760    2.51078    2.50502    2.51270 
15.3000   2.58323    2.50950    2.50117    2.50455    2.53626    2.97990    2.49721    2.51253    2.50500    2.51267 
15.3500   2.58249    2.50951    2.50117    2.50394    2.53628    2.91803    2.49700    2.51259    2.50499    2.51268 
15.4000   2.59485    2.50952    2.50118    2.50332    2.53629    2.85538    2.49721    2.51266    2.50497    2.51268 
15.4500   2.61214    2.50953    2.50119    2.50276    2.53631    2.78988    2.49793    2.51271    2.50494    2.51269 
15.5000   2.63384    2.50954    2.50119    2.50233    2.53632    2.71706    2.49915    2.51281    2.50491    2.51269 
15.5500   2.65757    2.50953    2.50118    2.50200    2.53634    2.62230    2.50064    2.51136    2.50487    2.51269 
15.6000   2.67878    2.50953    2.50118    2.50222    2.53635    2.55797    2.50229    2.51273    2.50483    2.51268 
15.6500   2.70431    2.50956    2.50117    2.50282    2.53637    2.54683    2.50385    2.51300    2.50479    2.51268 
15.7000   2.72521    2.50959    2.50116    2.50385    2.53638    2.57016    2.50523    2.51309    2.50474    2.51267 
15.7500   2.74881    2.50961    2.50115    2.50523    2.53640    2.59274    2.50636    2.51314    2.50467    2.51267 
15.8000   2.77112    2.50933    2.50114    2.50661    2.53641    2.61646    2.50726    2.51275    2.50460    2.51265 
15.8500   2.79352    2.50965    2.50113    2.50829    2.53643    2.64679    2.50800    2.51324    2.50451    2.51264 
15.9000   2.81510    2.50967    2.50113    2.50967    2.53644    2.67621    2.50861    2.51329    2.50441    2.51263 
15.9500   2.83574    2.50969    2.50112    2.51081    2.53645    2.70524    2.50911    2.51333    2.50428    2.51260 
16.0000   2.85546    2.50972    2.50111    2.51171    2.53646    2.73335    2.50954    2.51337    2.50412    2.51256 
16.0500   2.87408    2.50974    2.50111    2.51239    2.53647    2.76339    2.50993    2.51341    2.50393    2.51251 
16.1000   2.89134    2.50976    2.50110    2.51289    2.53647    2.78960    2.51028    2.51345    2.50370    2.51244 
16.1500   2.90704    2.50979    2.50110    2.51326    2.53648    2.81645    2.51060    2.51349    2.50343    2.51236 
16.2000   2.92111    2.51282    2.50110    2.51354    2.53648    2.84357    2.51091    2.51352    2.50310    2.51236 
16.2500   2.93242    2.51002    2.50109    2.51376    2.53648    2.86978    2.51119    2.51356    2.50272    2.51217 
16.3000   2.94324    2.50981    2.50109    2.51393    2.53648    2.89409    2.51145    2.51360    2.50229    2.51203 
16.3500   2.95043    2.51020    2.50109    2.51408    2.53647    2.91769    2.51170    2.51364    2.50185    2.51212 
16.4000   2.95586    2.50985    2.50108    2.51422    2.53647    2.94020    2.51191    2.51366    2.50135    2.51176 
16.4500   2.95936    2.51137    2.50108    2.51433    2.53662    2.96454    2.51210    2.51367    2.50084    2.51278 
16.5000   2.96055    2.51008    2.50108    2.51446    2.53668    2.98507    2.51227    2.51370    2.50037    2.51221 
16.5500   2.96033    2.50963    2.50107    2.51460    2.53644    3.00508    2.51241    2.51376    2.49996    2.51211 
16.6000   2.95909    2.50951    2.50107    2.51472    2.53633    3.02336    2.51253    2.51380    2.49940    2.51096 
16.6500   2.95677    2.50809    2.50106    2.51485    2.53649    3.04136    2.51262    2.51383    2.49901    2.51158 
16.7000   2.95396    2.50904    2.50106    2.51497    2.53617    3.05746    2.51269    2.51386    2.49844    2.51017 
16.7500   2.95085    2.50882    2.50105    2.51509    2.53606    3.07189    2.51274    2.51389    2.49796    2.50968 
16.8000   2.94754    2.50858    2.50105    2.51521    2.53595    3.08374    2.51278    2.51392    2.49750    2.50902 
16.8500   2.94422    2.50846    2.50104    2.51531    2.53583    3.09469    2.51282    2.51395    2.49707    2.50831 
16.9000   2.94089    2.50744    2.50103    2.51540    2.54005    3.10305    2.51284    2.51397    2.49650    2.50606 
16.9500   2.93783    2.50829    2.50102    2.51548    2.53568    3.10861    2.51287    2.51400    2.49645    2.50639 
17.0000   2.93487    2.50826    2.50101    2.51555    2.53563    3.11239    2.51289    2.51403    2.49637    2.50532 
