# NFeII AlIII      CrII       FeII       MgI        MgII       MnII       SiII       SiIV       TiII       ZnII      
11.2000  9.581439   9.388761  11.199998   9.479989  11.279995   9.231223  11.259996  10.259980   8.657863   8.373055 
11.2500  9.631431   9.438937  11.249998   9.529991  11.329995   9.281239  11.309996  10.309982   8.708205   8.424009 
11.3000  9.681436   9.489093  11.299998   9.579992  11.379995   9.331263  11.359997  10.359984   8.758461   8.475189 
11.3500  9.731441   9.539228  11.349999   9.629993  11.429995   9.381320  11.409997  10.409985   8.808699   8.525837 
11.4000  9.781456   9.589360  11.399999   9.679993  11.479995   9.431364  11.459998  10.459986   8.858870   8.576494 
11.4500  9.831446   9.639400  11.449999   9.729994  11.529995   9.481366  11.509998  10.509987   8.909039   8.626904 
11.5000  9.881447   9.689511  11.499999   9.779995  11.579995   9.531394  11.559998  10.559988   8.959178   8.677316 
11.5500  9.931453   9.739567  11.549999   9.829996  11.629994   9.581417  11.609999  10.609989   9.009289   8.727702 
11.6000  9.981454   9.789628  11.600000   9.879996  11.679994   9.631454  11.659999  10.659990   9.059383   8.778086 
11.6500 10.031464   9.839687  11.650000   9.929997  11.729994   9.681449  11.709999  10.709990   9.109469   8.828377 
11.7000 10.081451   9.889717  11.700000   9.979997  11.779994   9.731456  11.759999  10.759991   9.159554   8.878601 
11.7500 10.131462   9.939763  11.750000  10.029998  11.829993   9.781478  11.810000  10.809992   9.209609   8.928800 
11.8000 10.181463   9.989798  11.800000  10.079998  11.879993   9.831490  11.860000  10.859992   9.259664   8.978994 
11.8500 10.231466  10.039822  11.850000  10.129999  11.929992   9.881498  11.910000  10.909992   9.309712   9.029133 
11.9000 10.281465  10.089847  11.900000  10.179999  11.979991   9.931503  11.960000  10.959993   9.359751   9.079276 
11.9500 10.331467  10.139872  11.950000  10.229999  12.029991   9.981497  12.010000  11.009993   9.409786   9.129348 
12.0000 10.381468  10.189883  12.000001  10.279999  12.079990  10.031520  12.060000  11.059993   9.459814   9.179460 
12.0500 10.431469  10.239901  12.050001  10.329999  12.129989  10.081523  12.110000  11.109993   9.509841   9.229528 
12.1000 10.481468  10.289916  12.100001  10.379999  12.179988  10.131529  12.160000  11.159993   9.559860   9.279593 
12.1500 10.531467  10.339924  12.150001  10.429999  12.229986  10.181535  12.210000  11.209994   9.609881   9.329649 
12.2000 10.581466  10.389937  12.200001  10.479999  12.279985  10.231542  12.260000  11.259994   9.659899   9.379696 
12.2500 10.631464  10.439945  12.250001  10.529999  12.329983  10.281539  12.310000  11.309994   9.709911   9.429745 
12.3000 10.681461  10.489950  12.300002  10.579999  12.379982  10.331542  12.360000  11.359994   9.759925   9.479774 
12.3500 10.731459  10.539957  12.350002  10.629999  12.429980  10.381544  12.410000  11.409994   9.809933   9.529806 
12.4000 10.781456  10.589961  12.400002  10.679999  12.479978  10.431545  12.460000  11.459994   9.859941   9.579828 
12.4500 10.831452  10.639967  12.450002  10.729999  12.529976  10.481545  12.510000  11.509994   9.909948   9.629851 
12.5000 10.881448  10.689970  12.500003  10.779999  12.579974  10.531547  12.560000  11.559994   9.959955   9.679867 
12.5500 10.931443  10.739974  12.550003  10.829999  12.629971  10.581547  12.610000  11.609994  10.009961   9.729885 
12.6000 10.981438  10.789977  12.600003  10.879999  12.679968  10.631547  12.660000  11.659994  10.059965   9.779899 
12.6500 11.031432  10.839979  12.650003  10.929999  12.729964  10.681547  12.710000  11.709994  10.109970   9.829912 
12.7000 11.081425  10.889982  12.700002  10.979999  12.779959  10.731546  12.760000  11.759994  10.159973   9.879920 
12.7500 11.131417  10.939984  12.750002  11.029999  12.829952  10.781545  12.810000  11.809994  10.209977   9.929929 
12.8000 11.181409  10.989986  12.800001  11.079999  12.879943  10.831543  12.859999  11.859994  10.259979   9.979939 
12.8500 11.231399  11.039987  12.850000  11.129999  12.929932  10.881541  12.909999  11.909994  10.309982  10.029944 
12.9000 11.281388  11.089989  12.899999  11.179999  12.979918  10.931539  12.959999  11.959993  10.359984  10.079950 
12.9500 11.331376  11.139990  12.949997  11.229998  13.029903  10.981535  13.009999  12.009993  10.409986  10.129955 
13.0000 11.381363  11.189991  12.999996  11.279998  13.079887  11.031531  13.059998  12.059993  10.459987  10.179960 
13.0500 11.431348  11.239992  13.049994  11.329998  13.129871  11.081526  13.109997  12.109992  10.509989  10.229963 
13.1000 11.481331  11.289992  13.099993  11.379998  13.179855  11.131520  13.159996  12.159992  10.559990  10.279967 
13.1500 11.531312  11.339993  13.149991  11.429997  13.229841  11.181512  13.209995  12.209991  10.609991  10.329970 
13.2000 11.581291  11.389994  13.199990  11.479996  13.279829  11.231504  13.259992  12.259991  10.659992  10.379973 
13.2500 11.631268  11.439994  13.249989  11.529996  13.329820  11.281495  13.309988  12.309990  10.709993  10.429976 
13.3000 11.681242  11.489995  13.299988  11.579995  13.379813  11.331484  13.359982  12.359989  10.759994  10.479978 
13.3500 11.731214  11.539995  13.349988  11.629993  13.429810  11.381471  13.409972  12.409988  10.809994  10.529980 
13.4000 11.781182  11.589996  13.399988  11.679991  13.479809  11.431457  13.459956  12.459987  10.859995  10.579981 
13.4500 11.831147  11.639996  13.449989  11.729988  13.529812  11.481442  13.509931  12.509986  10.909995  10.629983 
13.5000 11.881108  11.689996  13.499990  11.779983  13.579820  11.531424  13.559893  12.559985  10.959996  10.679984 
13.5500 11.931066  11.739996  13.549991  11.829977  13.629833  11.581405  13.609841  12.609983  11.009996  10.729986 
13.6000 11.981020  11.789997  13.599993  11.879967  13.679852  11.631383  13.659778  12.659982  11.059996  10.779987 
13.6500 12.030971  11.839997  13.649995  11.929954  13.729878  11.681359  13.709714  12.709980  11.109996  10.829988 
13.7000 12.080919  11.889997  13.699997  11.979934  13.779913  11.731332  13.759659  12.759979  11.159997  10.879988 
13.7500 12.130865  11.939997  13.750000  12.029906  13.829958  11.781301  13.809621  12.809977  11.209997  10.929989 
13.8000 12.180810  11.989997  13.800004  12.079871  13.880013  11.831268  13.859598  12.859976  11.259997  10.979990 
13.8500 12.230756  12.039998  13.850007  12.129831  13.930077  11.881231  13.909587  12.909975  11.309997  11.029990 
13.9000 12.280708  12.089998  13.900011  12.179793  13.980146  11.931190  13.959585  12.959974  11.359997  11.079991 
13.9500 12.330670  12.139998  13.950015  12.229763  14.030213  11.981144  14.009590  13.009973  11.409997  11.129993 
14.0000 12.380651  12.189998  14.000018  12.279744  14.080269  12.031095  14.059600  13.059972  11.459997  11.179994 
14.0500 12.430663  12.239999  14.050020  12.329737  14.130373  12.081038  14.109614  13.109971  11.509998  11.229999 
14.1000 12.480723  12.290000  14.100021  12.379740  14.180396  12.130980  14.159631  13.159969  11.559998  11.279999 
14.1500 12.530856  12.339999  14.150021  12.429749  14.230307  12.180919  14.209652  13.209966  11.609997  11.329995 
14.2000 12.581095  12.390000  14.200021  12.479764  14.280484  12.230857  14.259677  13.259962  11.659998  11.380002 
14.2500 12.631494  12.439999  14.250020  12.529782  14.330567  12.280793  14.309705  13.309957  11.709996  11.429996 
14.3000 12.682106  12.489999  14.300019  12.579805  14.380208  12.330731  14.359738  13.359952  11.759995  11.479996 
14.3500 12.733019  12.539999  14.350017  12.629832  14.430171  12.380675  14.409775  13.409946  11.809994  11.529994 
14.4000 12.784321  12.589999  14.400016  12.679863  14.480136  12.430631  14.459819  13.459941  11.859993  11.579993 
14.4500 12.836147  12.639999  14.450015  12.729899  14.530107  12.480609  14.509869  13.509938  11.909992  11.629994 
14.5000 12.888665  12.689999  14.500014  12.779942  14.580083  12.530624  14.559928  13.559936  11.959990  11.679994 
14.5500 12.942097  12.739999  14.550014  12.829991  14.630064  12.580696  14.609996  13.609939  12.009989  11.729995 
14.6000 12.996739  12.789999  14.600013  12.880050  14.680051  12.630857  14.660077  13.659946  12.059987  11.779997 
14.6500 13.053116  12.839998  14.650012  12.930117  14.730038  12.681150  14.710169  13.709953  12.109984  11.829994 
14.7000 13.111770  12.889998  14.700011  12.980198  14.780028  12.731640  14.760280  13.759967  12.159980  11.879993 
14.7500 13.173725  12.939998  14.750010  13.030293  14.830019  12.782417  14.810410  13.809987  12.209977  11.929993 
14.8000 13.240377  12.989998  14.800009  13.080408  14.880012  12.833611  14.860566  13.860013  12.259972  11.979992 
14.8500 13.313337  13.039997  14.850008  13.130545  14.930006  12.885407  14.910752  13.910046  12.309967  12.029991 
14.9000 13.393659  13.089998  14.900008  13.180714  14.980027  12.938044  14.960980  13.960399  12.359961  12.079993 
14.9500 13.480192  13.139996  14.950004  13.230914  15.029997  12.991934  15.011248  14.010141  12.409953  12.129989 
15.0000 13.570852  13.189995  15.000001  13.281162  15.079994  13.047553  15.061578  14.060205  12.459946  12.179988 
15.0500 13.664222  13.239994  15.049997  13.331466  15.129991  13.105732  15.111976  14.110278  12.509938  12.229987 
15.1000 13.760409  13.289993  15.099992  13.381840  15.179989  13.167595  15.162452  14.160358  12.559931  12.279985 
15.1500 13.859467  13.339991  15.149985  13.432297  15.229987  13.234838  15.213011  14.210437  12.609924  12.329984 
15.2000 13.959075  13.389989  15.199978  13.482846  15.279985  13.309754  15.263638  14.260503  12.659920  12.379982 
15.2500 14.052604  13.439993  15.249978  13.533537  15.330009  13.393940  15.314331  14.312668  12.709919  12.429986 
15.3000 14.126346  13.489985  15.299959  13.584229  15.379982  13.488866  15.364873  14.360554  12.759918  12.479980 
15.3500 14.186734  13.539982  15.349949  13.635032  15.429981  13.589527  15.415251  14.410532  12.809923  12.529979 
15.4000 14.229784  13.589979  15.399940  13.685858  15.479980  13.698228  15.465267  14.460486  12.859932  12.579979 
15.4500 14.265420  13.639975  15.449933  13.736639  15.529979  13.817623  15.514830  14.510461  12.909947  12.629981 
15.5000 14.294113  13.689971  15.499929  13.787288  15.579979  13.953758  15.563969  14.560365  12.959969  12.679984 
15.5500 14.319091  13.739972  15.549930  13.837813  15.629975  14.127353  15.612874  14.612277  13.009996  12.729985 
15.6000 14.346026  13.789972  15.599940  13.887788  15.679979  14.277361  15.661683  14.660548  13.060034  12.779997 
15.6500 14.366578  13.839979  15.649955  13.937368  15.729987  14.360787  15.710625  14.710279  13.110085  12.830022 
15.7000 14.391896  13.889946  15.699954  13.986410  15.779978  14.395938  15.759715  14.760164  13.160137  12.880018 
15.7500 14.412989  13.939935  15.749963  14.035097  15.829978  14.429979  15.809060  14.810131  13.210207  12.930035 
15.8000 14.435077  13.990116  15.799972  14.083767  15.879978  14.460695  15.858624  14.860651  13.260291  12.980057 
15.8500 14.456255  14.039907  15.849978  14.132150  15.929979  14.480476  15.908344  14.910077  13.310395  13.030083 
15.9000 14.477882  14.089892  15.899983  14.180842  15.979979  14.500162  15.958198  14.960057  13.360519  13.080118 
15.9500 14.500149  14.139876  15.949988  14.229799  16.029980  14.519052  16.008146  15.010041  13.410670  13.130161 
16.0000 14.523096  14.189857  15.999991  14.279032  16.079980  14.537830  16.058161  15.060026  13.460852  13.180217 
16.0500 14.547026  14.239839  16.049993  14.328512  16.129981  14.552942  16.108223  15.110015  13.511071  13.230288 
16.1000 14.572338  14.289822  16.099995  14.378191  16.179981  14.572083  16.158317  15.160005  13.561336  13.280377 
16.1500 14.599328  14.339790  16.149996  14.428020  16.229982  14.589402  16.208431  15.209997  13.611655  13.330485 
16.2000 14.628180  14.386828  16.199997  14.477955  16.279982  14.605478  16.258557  15.259990  13.662034  13.380545 
16.2500 14.660380  14.439561  16.249997  14.527965  16.329983  14.621996  16.308688  15.309984  13.712480  13.430744 
16.3000 14.693113  14.489783  16.299998  14.578026  16.379984  14.640165  16.358821  15.359979  13.762991  13.480928 
16.3500 14.730392  14.539361  16.349998  14.628116  16.429984  14.658661  16.408951  15.409970  13.813553  13.530937 
16.4000 14.769984  14.589745  16.399999  14.678231  16.479985  14.677872  16.459077  15.459972  13.864191  13.581329 
16.4500 14.812156  14.638009  16.450002  14.728380  16.529985  14.694244  16.509201  15.510004  13.914885  13.630520 
16.5000 14.857349  14.689505  16.500002  14.778506  16.579984  14.715086  16.559308  15.559995  13.965572  13.681125 
16.5500 14.904487  14.740034  16.550001  14.828617  16.629985  14.736188  16.609399  15.609966  14.016225  13.731295 
16.6000 14.953157  14.790188  16.600002  14.878747  16.679989  14.759084  16.659485  15.659964  14.067057  13.782565 
16.6500 15.003352  14.842030  16.650003  14.928874  16.729987  14.782115  16.709559  15.709963  14.117758  13.832048 
16.7000 15.054342  14.890842  16.700004  14.978995  16.779992  14.807387  16.759623  15.759962  14.168666  13.883714 
16.7500 15.105902  14.941176  16.750005  15.029110  16.829993  14.834587  16.809676  15.809962  14.219503  13.934445 
16.8000 15.157852  14.991527  16.800006  15.079218  16.879995  14.865030  16.859719  15.859962  14.270349  13.985414 
16.8500 15.209961  15.041738  16.850007  15.129319  16.929996  14.896680  16.909755  15.909961  14.321177  14.036475 
16.9000 15.262180  15.093184  16.900007  15.179409  16.979943  14.931696  16.959782  15.959961  14.372189  14.089473 
16.9500 15.314256  15.142060  16.950009  15.229493  17.029998  14.970336  17.009806  16.009962  14.422592  14.139368 
17.0000 15.366301  15.192133  17.000009  15.279566  17.079998  15.011448  17.059825  16.059962  14.473014  14.191040 
