11.2000 0.00018 0.00029 0.00174 0.00184 0.04275 0.02606 0.00045 -0.00003 0.00088 0.00072
11.2500 0.00018 0.00045 0.00171 0.00183 0.04273 0.02600 0.00046 -0.00003 0.00088 0.00073
11.3000 0.00018 0.00034 0.00168 0.00181 0.04275 0.02605 0.00050 -0.00003 0.00088 0.00074
11.3500 0.00018 0.00047 0.00165 0.00179 0.04275 0.02616 0.00055 -0.00003 0.00089 0.00074
11.4000 0.00018 0.00055 0.00161 0.00177 0.04276 0.02601 0.00062 -0.00003 0.00089 0.00074
11.4500 0.00018 0.00040 0.00156 0.00175 0.04271 0.02600 0.00057 -0.00003 0.00089 0.00074
11.5000 0.00018 0.00054 0.00151 0.00173 0.04275 0.02599 0.00064 -0.00003 0.00089 0.00075
11.5500 0.00018 0.00044 0.00146 0.00170 0.04272 0.02604 0.00060 -0.00003 0.00089 0.00075
11.6000 0.00018 0.00055 0.00139 0.00167 0.04270 0.02601 0.00068 -0.00003 0.00089 0.00075
11.6500 0.00018 0.00048 0.00132 0.00163 0.04270 0.02606 0.00069 -0.00003 0.00089 0.00075
11.7000 0.00018 0.00054 0.00124 0.00159 0.04263 0.02604 0.00074 -0.00003 0.00089 0.00075
11.7500 0.00018 0.00055 0.00115 0.00155 0.04267 0.02605 0.00072 -0.00003 0.00089 0.00076
11.8000 0.00018 0.00055 0.00105 0.00150 0.04267 0.02600 0.00076 -0.00003 0.00089 0.00075
11.8500 0.00018 0.00057 0.00094 0.00144 0.04265 0.02602 0.00074 -0.00003 0.00089 0.00076
11.9000 0.00018 0.00055 0.00081 0.00138 0.04265 0.02595 0.00077 -0.00003 0.00088 0.00075
11.9500 0.00018 0.00058 0.00067 0.00131 0.04263 0.02593 0.00079 -0.00003 0.00088 0.00075
12.0000 0.00018 0.00056 0.00051 0.00123 0.04260 0.02594 0.00078 -0.00003 0.00088 0.00075
12.0500 0.00018 0.00058 0.00033 0.00114 0.04257 0.02593 0.00080 -0.00003 0.00088 0.00075
12.1000 0.00018 0.00057 0.00013 0.00104 0.04255 0.02589 0.00080 -0.00003 0.00087 0.00075
12.1500 0.00018 0.00058 -0.00009 0.00092 0.04252 0.02583 0.00081 -0.00003 0.00087 0.00075
12.2000 0.00018 0.00057 -0.00034 0.00080 0.04249 0.02580 0.00082 -0.00003 0.00087 0.00075
12.2500 0.00017 0.00059 -0.00061 0.00065 0.04245 0.02576 0.00081 -0.00003 0.00086 0.00075
12.3000 0.00017 0.00057 -0.00091 0.00049 0.04242 0.02569 0.00082 -0.00003 0.00086 0.00075
12.3500 0.00017 0.00059 -0.00125 0.00031 0.04237 0.02565 0.00082 -0.00003 0.00085 0.00074
12.4000 0.00017 0.00058 -0.00161 0.00011 0.04232 0.02558 0.00083 -0.00003 0.00085 0.00074
12.4500 0.00017 0.00059 -0.00200 -0.00011 0.04227 0.02550 0.00083 -0.00003 0.00084 0.00074
12.5000 0.00017 0.00058 -0.00241 -0.00036 0.04220 0.02542 0.00083 -0.00003 0.00083 0.00073
12.5500 0.00016 0.00059 -0.00286 -0.00064 0.04213 0.02532 0.00083 -0.00003 0.00082 0.00073
12.6000 0.00016 0.00058 -0.00333 -0.00094 0.04205 0.02522 0.00083 -0.00003 0.00081 0.00072
12.6500 0.00016 0.00059 -0.00382 -0.00127 0.04196 0.02510 0.00083 -0.00003 0.00080 0.00072
12.7000 0.00015 0.00058 -0.00432 -0.00164 0.04186 0.02496 0.00083 -0.00003 0.00079 0.00071
12.7500 0.00015 0.00059 -0.00484 -0.00203 0.04174 0.02481 0.00083 -0.00003 0.00077 0.00070
12.8000 0.00015 0.00058 -0.00537 -0.00245 0.04161 0.02464 0.00083 -0.00003 0.00076 0.00069
12.8500 0.00014 0.00058 -0.00591 -0.00290 0.04146 0.02445 0.00083 -0.00003 0.00074 0.00069
12.9000 0.00014 0.00058 -0.00645 -0.00337 0.04130 0.02424 0.00083 -0.00003 0.00072 0.00068
12.9500 0.00013 0.00058 -0.00699 -0.00386 0.04112 0.02400 0.00083 -0.00003 0.00070 0.00066
13.0000 0.00012 0.00058 -0.00754 -0.00437 0.04091 0.02373 0.00083 -0.00003 0.00067 0.00065
13.0500 0.00012 0.00058 -0.00808 -0.00490 0.04068 0.02343 0.00083 -0.00003 0.00064 0.00063
13.1000 0.00011 0.00058 -0.00863 -0.00543 0.04042 0.02309 0.00083 -0.00003 0.00061 0.00062
13.1500 0.00010 0.00058 -0.00917 -0.00597 0.04013 0.02271 0.00083 -0.00003 0.00057 0.00060
13.2000 0.00009 0.00058 -0.00971 -0.00652 0.03980 0.02229 0.00082 -0.00003 0.00053 0.00058
13.2500 0.00007 0.00057 -0.01026 -0.00707 0.03943 0.02181 0.00082 -0.00003 0.00048 0.00055
13.3000 0.00006 0.00057 -0.01079 -0.00762 0.03902 0.02128 0.00082 -0.00002 0.00043 0.00053
13.3500 0.00004 0.00057 -0.01133 -0.00817 0.03856 0.02068 0.00082 -0.00002 0.00037 0.00050
13.4000 0.00003 0.00057 -0.01187 -0.00872 0.03805 0.02001 0.00081 -0.00002 0.00030 0.00046
13.4500 0.00001 0.00057 -0.01240 -0.00927 0.03747 0.01926 0.00081 -0.00002 0.00023 0.00042
13.5000 -0.00002 0.00056 -0.01293 -0.00982 0.03682 0.01842 0.00080 -0.00002 0.00015 0.00038
13.5500 -0.00004 0.00056 -0.01345 -0.01037 0.03610 0.01749 0.00079 -0.00002 0.00005 0.00033
13.6000 -0.00007 0.00055 -0.01397 -0.01092 0.03529 0.01644 0.00079 -0.00002 -0.00005 0.00028
13.6500 -0.00010 0.00055 -0.01449 -0.01146 0.03438 0.01526 0.00078 -0.00002 -0.00017 0.00021
13.7000 -0.00013 0.00054 -0.01501 -0.01200 0.03336 0.01395 0.00077 -0.00002 -0.00029 0.00015
13.7500 -0.00016 0.00054 -0.01552 -0.01254 0.03222 0.01249 0.00076 -0.00002 -0.00043 0.00007
13.8000 -0.00020 0.00053 -0.01602 -0.01307 0.03095 0.01086 0.00075 -0.00002 -0.00058 -0.00002
13.8500 -0.00024 0.00052 -0.01653 -0.01360 0.02953 0.00905 0.00074 -0.00002 -0.00075 -0.00011
13.9000 -0.00028 0.00051 -0.01702 -0.01413 0.02795 0.00703 0.00073 -0.00002 -0.00092 -0.00022
13.9500 -0.00033 0.00050 -0.01751 -0.01465 0.02618 0.00480 0.00072 -0.00001 -0.00111 -0.00034
14.0000 -0.00037 0.00049 -0.01799 -0.01517 0.02421 0.00234 0.00071 -0.00001 -0.00131 -0.00047
14.0500 -0.00042 0.00048 -0.01847 -0.01568 0.02200 -0.00037 0.00069 -0.00001 -0.00152 -0.00062
14.1000 -0.00047 0.00047 -0.01893 -0.01619 0.01958 -0.00333 0.00068 -0.00001 -0.00173 -0.00077
14.1500 -0.00052 0.00045 -0.01939 -0.01669 0.01688 -0.00649 0.00066 -0.00001 -0.00196 -0.00095
14.2000 -0.00057 0.00044 -0.01984 -0.01719 0.01390 -0.01009 0.00064 -0.00001 -0.00219 -0.00113
14.2500 -0.00062 0.00042 -0.02027 -0.01768 0.01059 -0.01388 0.00061 -0.00001 -0.00242 -0.00133
14.3000 -0.00067 0.00040 -0.02069 -0.01817 0.00682 -0.01793 0.00059 -0.00001 -0.00265 -0.00153
14.3500 -0.00072 0.00038 -0.02111 -0.01864 0.00282 -0.02230 0.00056 -0.00001 -0.00289 -0.00175
14.4000 -0.00077 0.00036 -0.02151 -0.01912 -0.00146 -0.02680 0.00052 -0.00001 -0.00313 -0.00198
14.4500 -0.00083 0.00033 -0.02190 -0.01958 -0.00615 -0.03146 0.00048 -0.00000 -0.00337 -0.00221
14.5000 -0.00088 0.00030 -0.02227 -0.02004 -0.01126 -0.03622 0.00044 -0.00000 -0.00361 -0.00245
14.5500 -0.00093 0.00027 -0.02262 -0.02049 -0.01678 -0.04105 0.00039 -0.00000 -0.00385 -0.00269
14.6000 -0.00098 0.00023 -0.02296 -0.02093 -0.02268 -0.04584 0.00034 -0.00000 -0.00410 -0.00294
14.6500 -0.00103 0.00018 -0.02327 -0.02135 -0.02890 -0.05051 0.00028 -0.00000 -0.00434 -0.00319
14.7000 -0.00108 0.00013 -0.02357 -0.02177 -0.03543 -0.05505 0.00021 -0.00000 -0.00458 -0.00344
14.7500 -0.00113 0.00007 -0.02383 -0.02217 -0.04219 -0.05937 0.00014 -0.00000 -0.00482 -0.00369
14.8000 -0.00118 0.00001 -0.02407 -0.02255 -0.04908 -0.06346 0.00005 -0.00000 -0.00506 -0.00394
14.8500 -0.00123 -0.00006 -0.02428 -0.02292 -0.05601 -0.06729 -0.00004 -0.00000 -0.00530 -0.00420
14.9000 -0.00127 -0.00013 -0.02445 -0.02326 -0.06282 -0.07087 -0.00014 0.00000 -0.00554 -0.00445
14.9500 -0.00132 -0.00022 -0.02458 -0.02359 -0.06941 -0.07420 -0.00026 0.00000 -0.00578 -0.00470
15.0000 -0.00137 -0.00031 -0.02467 -0.02389 -0.07569 -0.07732 -0.00039 0.00000 -0.00602 -0.00496
15.0500 -0.00141 -0.00041 -0.02471 -0.02416 -0.08156 -0.08023 -0.00053 0.00000 -0.00625 -0.00521
15.1000 -0.00145 -0.00052 -0.02470 -0.02440 -0.08698 -0.08297 -0.00068 0.00000 -0.00649 -0.00546
15.1500 -0.00150 -0.00064 -0.02463 -0.02461 -0.09197 -0.08553 -0.00085 -0.00000 -0.00672 -0.00571
15.2000 -0.00154 -0.00077 -0.02449 -0.02478 -0.09654 -0.08795 -0.00103 -0.00000 -0.00695 -0.00596
15.2500 -0.00158 -0.00090 -0.02426 -0.02491 -0.10076 -0.09023 -0.00121 -0.00000 -0.00717 -0.00620
15.3000 -0.00162 -0.00104 -0.02397 -0.02500 -0.10454 -0.09238 -0.00142 -0.00001 -0.00740 -0.00646
15.3500 -0.00166 -0.00119 -0.02358 -0.02504 -0.10810 -0.09444 -0.00162 -0.00001 -0.00762 -0.00670
15.4000 -0.00170 -0.00134 -0.02310 -0.02502 -0.11135 -0.09642 -0.00184 -0.00001 -0.00784 -0.00694
15.4500 -0.00174 -0.00149 -0.02250 -0.02494 -0.11435 -0.09822 -0.00207 -0.00001 -0.00805 -0.00718
15.5000 -0.00178 -0.00165 -0.02180 -0.02479 -0.11718 -0.09993 -0.00229 -0.00000 -0.00826 -0.00742
15.5500 -0.00182 -0.00181 -0.02097 -0.02458 -0.11979 -0.10155 -0.00253 0.00000 -0.00847 -0.00766
15.6000 -0.00186 -0.00197 -0.02002 -0.02427 -0.12222 -0.10309 -0.00276 0.00002 -0.00868 -0.00789
15.6500 -0.00188 -0.00213 -0.01893 -0.02387 -0.12445 -0.10454 -0.00299 0.00004 -0.00886 -0.00812
15.7000 -0.00193 -0.00230 -0.01775 -0.02341 -0.12661 -0.10589 -0.00324 0.00004 -0.00907 -0.00836
15.7500 -0.00197 -0.00247 -0.01644 -0.02282 -0.12858 -0.10721 -0.00348 0.00004 -0.00925 -0.00858
15.8000 -0.00200 -0.00263 -0.01502 -0.02212 -0.13047 -0.10838 -0.00372 0.00004 -0.00943 -0.00881
15.8500 -0.00203 -0.00279 -0.01353 -0.02131 -0.13223 -0.10949 -0.00396 0.00003 -0.00960 -0.00902
15.9000 -0.00206 -0.00296 -0.01198 -0.02038 -0.13388 -0.11054 -0.00420 0.00003 -0.00975 -0.00924
15.9500 -0.00208 -0.00312 -0.01041 -0.01932 -0.13542 -0.11151 -0.00444 0.00002 -0.00990 -0.00945
16.0000 -0.00209 -0.00329 -0.00886 -0.01813 -0.13686 -0.11240 -0.00468 0.00001 -0.01003 -0.00965
16.0500 -0.00210 -0.00345 -0.00738 -0.01683 -0.13822 -0.11322 -0.00493 0.00000 -0.01014 -0.00985
16.1000 -0.00210 -0.00361 -0.00600 -0.01542 -0.13948 -0.11396 -0.00517 -0.00000 -0.01024 -0.01004
16.1500 -0.00209 -0.00378 -0.00475 -0.01393 -0.14066 -0.11463 -0.00541 -0.00001 -0.01032 -0.01022
16.2000 -0.00208 -0.00394 -0.00368 -0.01237 -0.14175 -0.11521 -0.00565 -0.00001 -0.01037 -0.01039
16.2500 -0.00206 -0.00410 -0.00278 -0.01079 -0.14277 -0.11572 -0.00589 -0.00001 -0.01040 -0.01054
16.3000 -0.00204 -0.00426 -0.00206 -0.00922 -0.14369 -0.11614 -0.00613 -0.00001 -0.01041 -0.01069
16.3500 -0.00200 -0.00442 -0.00151 -0.00771 -0.14454 -0.11647 -0.00637 -0.00001 -0.01038 -0.01081
16.4000 -0.00195 -0.00459 -0.00110 -0.00629 -0.14531 -0.11672 -0.00661 -0.00001 -0.01031 -0.01092
16.4500 -0.00188 -0.00474 -0.00076 -0.00498 -0.14598 -0.11686 -0.00685 0.00002 -0.01020 -0.01099
16.5000 -0.00182 -0.00490 -0.00056 -0.00387 -0.14658 -0.11691 -0.00709 0.00002 -0.01006 -0.01106
16.5500 -0.00176 -0.00508 -0.00048 -0.00297 -0.14710 -0.11687 -0.00734 0.00000 -0.00988 -0.01110
16.6000 -0.00167 -0.00524 -0.00039 -0.00221 -0.14752 -0.11670 -0.00758 0.00000 -0.00965 -0.01111
16.6500 -0.00157 -0.00540 -0.00033 -0.00163 -0.14785 -0.11641 -0.00782 -0.00000 -0.00936 -0.01108
16.7000 -0.00147 -0.00556 -0.00028 -0.00120 -0.14807 -0.11599 -0.00807 -0.00000 -0.00902 -0.01102
16.7500 -0.00135 -0.00572 -0.00025 -0.00089 -0.14819 -0.11543 -0.00831 -0.00001 -0.00863 -0.01092
16.8000 -0.00123 -0.00588 -0.00023 -0.00068 -0.14821 -0.11472 -0.00856 -0.00001 -0.00818 -0.01078
16.8500 -0.00111 -0.00604 -0.00021 -0.00053 -0.14811 -0.11384 -0.00881 -0.00001 -0.00767 -0.01059
16.9000 -0.00098 -0.00620 -0.00024 -0.00046 -0.14787 -0.11277 -0.00906 -0.00003 -0.00712 -0.01035
16.9500 -0.00084 -0.00636 -0.00018 -0.00037 -0.14750 -0.11152 -0.00931 -0.00002 -0.00651 -0.01006
17.0000 -0.00071 -0.00651 -0.00017 -0.00033 -0.14698 -0.11005 -0.00956 -0.00002 -0.00587 -0.00971
