2024.2773021999999 1.0000000000000000 1.00000000000000005E-004
2024.2860801400000 1.0000000000000000 1.00000000000000005E-004
2024.2948581200001 1.0000000000000000 1.00000000000000005E-004
2024.3036361400000 1.0000000000000000 1.00000000000000005E-004
2024.3124141900000 1.0000000000000000 1.00000000000000005E-004
2024.3211922800001 1.0000000000000000 1.00000000000000005E-004
2024.3299704100000 1.0000000000000000 1.00000000000000005E-004
2024.3387485799999 1.0000000000000000 1.00000000000000005E-004
2024.3475267900001 1.0000000000000000 1.00000000000000005E-004
2024.3563050400001 1.0000000000000000 1.00000000000000005E-004
2024.3650833199999 1.0000000000000000 1.00000000000000005E-004
2024.3738616400001 1.0000000000000000 1.00000000000000005E-004
2024.3826400000000 1.0000000000000000 1.00000000000000005E-004
2024.3914184000000 1.0000000000000000 1.00000000000000005E-004
2024.4001968400000 1.0000000000000000 1.00000000000000005E-004
2024.4089753100000 1.0000000000000000 1.00000000000000005E-004
2024.4177538199999 1.0000000000000000 1.00000000000000005E-004
2024.4265323699999 1.0000000000000000 1.00000000000000005E-004
2024.4353109599999 1.0000000000000000 1.00000000000000005E-004
2024.4440895900000 1.0000000000000000 1.00000000000000005E-004
2024.4528682499999 1.0000000000000000 1.00000000000000005E-004
2024.4616469499999 1.0000000000000000 1.00000000000000005E-004
2024.4704256900000 1.0000000000000000 1.00000000000000005E-004
2024.4792044700000 1.0000000000000000 1.00000000000000005E-004
2024.4879832900001 1.0000000000000000 1.00000000000000005E-004
2024.4967621400001 1.0000000000000000 1.00000000000000005E-004
2024.5055410299999 1.0000000000000000 1.00000000000000005E-004
2024.5143199600000 1.0000000000000000 1.00000000000000005E-004
2024.5230989300001 1.0000000000000000 1.00000000000000005E-004
2024.5318779400000 1.0000000000000000 1.00000000000000005E-004
2024.5406569899999 1.0000000000000000 1.00000000000000005E-004
2024.5494360700000 1.0000000000000000 1.00000000000000005E-004
2024.5582151900001 1.0000000000000000 1.00000000000000005E-004
2024.5669943500000 1.0000000000000000 1.00000000000000005E-004
2024.5757735499999 1.0000000000000000 1.00000000000000005E-004
2024.5845527800000 1.0000000000000000 1.00000000000000005E-004
2024.5933320500001 1.0000000000000000 1.00000000000000005E-004
2024.6021113700001 1.0000000000000000 1.00000000000000005E-004
2024.6108907099999 1.0000000000000000 1.00000000000000005E-004
2024.6196700999999 1.0000000000000000 1.00000000000000005E-004
2024.6284495299999 1.0000000000000000 1.00000000000000005E-004
2024.6372289900000 1.0000000000000000 1.00000000000000005E-004
2024.6460084900000 1.0000000000000000 1.00000000000000005E-004
2024.6547880300000 1.0000000000000000 1.00000000000000005E-004
2024.6635676100000 1.0000000000000000 1.00000000000000005E-004
2024.6723472300000 1.0000000000000000 1.00000000000000005E-004
2024.6811268800000 1.0000000000000000 1.00000000000000005E-004
2024.6899065699999 1.0000000000000000 1.00000000000000005E-004
2024.6986863000000 1.0000000000000000 1.00000000000000005E-004
2024.7074660700000 1.0000000000000000 1.00000000000000005E-004
2024.7162458800001 1.0000000000000000 1.00000000000000005E-004
2024.7250257200001 1.0000000000000000 1.00000000000000005E-004
2024.7338056000001 1.0000000000000000 1.00000000000000005E-004
2024.7425855199999 1.0000000000000000 1.00000000000000005E-004
2024.7513654800000 1.0000000000000000 1.00000000000000005E-004
2024.7601454799999 1.0000000000000000 1.00000000000000005E-004
2024.7689255099999 1.0000000000000000 1.00000000000000005E-004
2024.7777055900001 1.0000000000000000 1.00000000000000005E-004
2024.7864857000000 1.0000000000000000 1.00000000000000005E-004
2024.7952658500001 1.0000000000000000 1.00000000000000005E-004
2024.8040460300001 1.0000000000000000 1.00000000000000005E-004
2024.8128262600001 1.0000000000000000 1.00000000000000005E-004
2024.8216065199999 1.0000000000000000 1.00000000000000005E-004
2024.8303868200001 1.0000000000000000 1.00000000000000005E-004
2024.8391671600000 1.0000000000000000 1.00000000000000005E-004
2024.8479475400000 1.0000000000000000 1.00000000000000005E-004
2024.8567279599999 1.0000000000000000 1.00000000000000005E-004
2024.8655084100001 1.0000000000000000 1.00000000000000005E-004
2024.8742889000000 1.0000000000000000 1.00000000000000005E-004
2024.8830694300000 1.0000000000000000 1.00000000000000005E-004
2024.8918500000000 1.0000000000000000 1.00000000000000005E-004
2024.9006306000001 1.0000000000000000 1.00000000000000005E-004
2024.9094112499999 1.0000000000000000 1.00000000000000005E-004
2024.9181919299999 1.0000000000000000 1.00000000000000005E-004
2024.9269726499999 1.0000000000000000 1.00000000000000005E-004
2024.9357534100000 1.0000000000000000 1.00000000000000005E-004
2024.9445341999999 1.0000000000000000 1.00000000000000005E-004
2024.9533150400000 1.0000000000000000 1.00000000000000005E-004
2024.9620959100000 1.0000000000000000 1.00000000000000005E-004
2024.9708768200001 1.0000000000000000 1.00000000000000005E-004
2024.9796577699999 1.0000000000000000 1.00000000000000005E-004
2024.9884387600000 1.0000000000000000 1.00000000000000005E-004
2024.9972197800000 1.0000000000000000 1.00000000000000005E-004
2025.0060008400001 1.0000000000000000 1.00000000000000005E-004
2025.0147819399999 1.0000000000000000 1.00000000000000005E-004
2025.0235630800000 1.0000000000000000 1.00000000000000005E-004
2025.0323442599999 1.0000000000000000 1.00000000000000005E-004
2025.0411254799999 0.99999999999998745 1.00000000000000005E-004
2025.0499067300000 0.99999999999921951 1.00000000000000005E-004
2025.0586880200001 0.99999999997449784 1.00000000000000005E-004
2025.0674693500000 0.99999999951609897 1.00000000000000005E-004
2025.0762507200000 0.99999999460015865 1.00000000000000005E-004
2025.0850321200001 0.99999996396219148 1.00000000000000005E-004
2025.0938135700001 0.99999985247436318 1.00000000000000005E-004
2025.1025950500000 0.99999961450168040 1.00000000000000005E-004
2025.1113765699999 0.99999931474833947 1.00000000000000005E-004
2025.1201581200000 0.99999908880431465 1.00000000000000005E-004
2025.1289397200001 0.99999898124248221 1.00000000000000005E-004
2025.1377213500000 0.99999894032190151 1.00000000000000005E-004
2025.1465030300001 0.99999891809226693 1.00000000000000005E-004
2025.1552847400001 0.99999889835284039 1.00000000000000005E-004
2025.1640664800000 0.99999887834764389 1.00000000000000005E-004
2025.1728482700000 0.99999885780639131 1.00000000000000005E-004
2025.1816300999999 0.99999883669596334 1.00000000000000005E-004
2025.1904119599999 0.99999881499474974 1.00000000000000005E-004
2025.1991938599999 0.99999879268048053 1.00000000000000005E-004
2025.2079758000000 0.99999876972983481 1.00000000000000005E-004
2025.2167577700000 0.99999874611837536 1.00000000000000005E-004
2025.2255397900001 0.99999872182046978 1.00000000000000005E-004
2025.2343218399999 0.99999869680925069 1.00000000000000005E-004
2025.2431039300000 0.99999867105651319 1.00000000000000005E-004
2025.2518860600001 0.99999864453263398 1.00000000000000005E-004
2025.2606682300000 0.99999861720651217 1.00000000000000005E-004
2025.2694504300000 0.99999858904545569 1.00000000000000005E-004
2025.2782326800000 0.99999856001507648 1.00000000000000005E-004
2025.2870149600001 0.99999853007922013 1.00000000000000005E-004
2025.2957972800000 0.99999849919964956 1.00000000000000005E-004
2025.3045796300000 0.99999846732917175 1.00000000000000005E-004
2025.3133620300000 0.99999843427101276 1.00000000000000005E-004
2025.3221444599999 0.99999839809693403 1.00000000000000005E-004
2025.3309269399999 0.99999834620514105 1.00000000000000005E-004
2025.3397094500001 0.99999823552287426 1.00000000000000005E-004
2025.3484919900000 0.99999800496721492 1.00000000000000005E-004
2025.3572745800000 0.99999767095214487 1.00000000000000005E-004
2025.3660571999999 0.99999736141877460 1.00000000000000005E-004
2025.3748398700000 0.99999716699732666 1.00000000000000005E-004
2025.3836225699999 0.99999705992883925 1.00000000000000005E-004
2025.3924053000001 0.99999698285814109 1.00000000000000005E-004
2025.4011880800001 0.99999690954785336 1.00000000000000005E-004
2025.4099709000000 0.99999683426711483 1.00000000000000005E-004
2025.4187537500000 0.99999675624573814 1.00000000000000005E-004
2025.4275366400000 0.99999667530437319 1.00000000000000005E-004
2025.4363195700000 0.99999659129342722 1.00000000000000005E-004
2025.4451025300000 0.99999650404266582 1.00000000000000005E-004
2025.4538855400001 0.99999641313050125 1.00000000000000005E-004
2025.4626685799999 0.99999631559509694 1.00000000000000005E-004
2025.4714516600000 0.99999619469071921 1.00000000000000005E-004
2025.4802347800000 0.99999600057073645 1.00000000000000005E-004
2025.4890179399999 0.99999567699985514 1.00000000000000005E-004
2025.4978011300000 0.99999526313241527 1.00000000000000005E-004
2025.5065843699999 0.99999489321276824 1.00000000000000005E-004
2025.5153676400000 0.99999463580482617 1.00000000000000005E-004
2025.5241509499999 0.99999444969964868 1.00000000000000005E-004
2025.5329343000001 0.99999428172360993 1.00000000000000005E-004
2025.5417176799999 0.99999411080831380 1.00000000000000005E-004
2025.5505011099999 0.99999393257612745 1.00000000000000005E-004
2025.5592845700000 0.99999374614756686 1.00000000000000005E-004
2025.5680680700000 0.99999355096284570 1.00000000000000005E-004
2025.5768516099999 0.99999334605703460 1.00000000000000005E-004
2025.5856351800001 0.99999312680671182 1.00000000000000005E-004
2025.5944188000001 0.99999287128674219 1.00000000000000005E-004
2025.6032024500000 0.99999252357282842 1.00000000000000005E-004
2025.6119861400000 0.99999203695049776 1.00000000000000005E-004
2025.6207698700000 0.99999147480714801 1.00000000000000005E-004
2025.6295536400000 0.99999097161000572 1.00000000000000005E-004
2025.6383374400000 0.99999057121195289 1.00000000000000005E-004
2025.6471212800000 0.99999022118228353 1.00000000000000005E-004
2025.6559051600000 0.99998987259313421 1.00000000000000005E-004
2025.6646890800000 0.99998950800377240 1.00000000000000005E-004
2025.6734730400001 0.99998912324695122 1.00000000000000005E-004
2025.6822570400000 0.99998871649481624 1.00000000000000005E-004
2025.6910410700000 0.99998828600020306 1.00000000000000005E-004
2025.6998251400000 0.99998782985214807 1.00000000000000005E-004
2025.7086092500001 0.99998734594220096 1.00000000000000005E-004
2025.7173934000000 0.99998683193920135 1.00000000000000005E-004
2025.7261775800000 0.99998628525963162 1.00000000000000005E-004
2025.7349618100000 0.99998570303391721 1.00000000000000005E-004
2025.7437460700000 0.99998508206798431 1.00000000000000005E-004
2025.7525303699999 0.99998441879729749 1.00000000000000005E-004
2025.7613147100001 0.99998370923390745 1.00000000000000005E-004
2025.7700990799999 0.99998294890423700 1.00000000000000005E-004
2025.7788834999999 0.99998213277577175 1.00000000000000005E-004
2025.7876679500000 0.99998125517145731 1.00000000000000005E-004
2025.7964524399999 0.99998030966648022 1.00000000000000005E-004
2025.8052369699999 0.99997928896636556 1.00000000000000005E-004
2025.8140215300000 0.99997818476087097 1.00000000000000005E-004
2025.8228061400000 0.99997698754811393 1.00000000000000005E-004
2025.8315907799999 0.99997568642338530 1.00000000000000005E-004
2025.8403754599999 0.99997426881991602 1.00000000000000005E-004
2025.8491601799999 0.99997272019323413 1.00000000000000005E-004
2025.8579449399999 0.99997102362978485 1.00000000000000005E-004
2025.8667297300001 0.99996915925477903 1.00000000000000005E-004
2025.8755145700000 0.99996710230988450 1.00000000000000005E-004
2025.8842994399999 0.99996481432295614 1.00000000000000005E-004
2025.8930843500000 0.99996222160198400 1.00000000000000005E-004
2025.9018693000000 0.99995921679227662 1.00000000000000005E-004
2025.9106542800000 0.99995573895683487 1.00000000000000005E-004
2025.9194393000000 0.99995180529162941 1.00000000000000005E-004
2025.9282243700000 0.99994737840983172 1.00000000000000005E-004
2025.9370094700000 0.99994235128276510 1.00000000000000005E-004
2025.9457946000000 0.99993667400498853 1.00000000000000005E-004
2025.9545797799999 0.99993028184144672 1.00000000000000005E-004
2025.9633649899999 0.99992297678597408 1.00000000000000005E-004
2025.9721502499999 0.99991447266856526 1.00000000000000005E-004
2025.9809355400000 0.99990443781672544 1.00000000000000005E-004
2025.9897208699999 0.99989245264791082 1.00000000000000005E-004
2025.9985062300000 0.99987792868509640 1.00000000000000005E-004
2026.0072916399999 0.99986002973078525 1.00000000000000005E-004
2026.0160770800001 0.99983763981281049 1.00000000000000005E-004
2026.0248625600000 0.99980924476977018 1.00000000000000005E-004
2026.0336480799999 0.99977245528152703 1.00000000000000005E-004
2026.0424336399999 0.99972282304355575 1.00000000000000005E-004
2026.0512192300000 0.99964661707119429 1.00000000000000005E-004
2026.0600048700001 0.99945454759203578 1.00000000000000005E-004
2026.0687905400000 0.99849749199001636 1.00000000000000005E-004
2026.0775762500000 0.99316180880276483 1.00000000000000005E-004
2026.0863619899999 0.96977125892515514 1.00000000000000005E-004
2026.0951477799999 0.89641107676356768 1.00000000000000005E-004
2026.1039335999999 0.73689801348472550 1.00000000000000005E-004
2026.1127194600001 0.50044368119771465 1.00000000000000005E-004
2026.1215053599999 0.26505403351777984 1.00000000000000005E-004
2026.1302913000000 0.11565649484845486 1.00000000000000005E-004
2026.1390772800000 8.45858440688064678E-002 1.00000000000000005E-004
2026.1478632900000 0.17411570787228195 1.00000000000000005E-004
2026.1566493500000 0.37303944980613635 1.00000000000000005E-004
2026.1654354400000 0.62148198450443737 1.00000000000000005E-004
2026.1742215600000 0.82658936980815700 1.00000000000000005E-004
2026.1830077300001 0.94113775467504268 1.00000000000000005E-004
2026.1917939400000 0.98503220968102312 1.00000000000000005E-004
2026.2005801800001 0.99682339537035525 1.00000000000000005E-004
2026.2093664600000 0.99915841323040633 1.00000000000000005E-004
2026.2181527800001 0.99956813163164604 1.00000000000000005E-004
2026.2269391400000 0.99967762440571728 1.00000000000000005E-004
2026.2357255300001 0.99973628279032090 1.00000000000000005E-004
2026.2445119600000 0.99977746475773765 1.00000000000000005E-004
2026.2532984400000 0.99980821369867379 1.00000000000000005E-004
2026.2620849400000 0.99983164823112702 1.00000000000000005E-004
2026.2708714900000 0.99984962950378364 1.00000000000000005E-004
2026.2796580800000 0.99986345591580816 1.00000000000000005E-004
2026.2884446999999 0.99987406079632501 1.00000000000000005E-004
2026.2972313600001 0.99988207194220147 1.00000000000000005E-004
2026.3060180600000 0.99988790910120329 1.00000000000000005E-004
2026.3148048000000 0.99989186300700650 1.00000000000000005E-004
2026.3235915800001 0.99989406864193142 1.00000000000000005E-004
2026.3323783900000 0.99989443251158505 1.00000000000000005E-004
2026.3411652499999 0.99989271523996781 1.00000000000000005E-004
2026.3499521399999 0.99988866288161049 1.00000000000000005E-004
2026.3587390600001 0.99988192190581526 1.00000000000000005E-004
2026.3675260299999 0.99987177339522226 1.00000000000000005E-004
2026.3763130400000 0.99985655177507793 1.00000000000000005E-004
2026.3851000800000 0.99982858152080345 1.00000000000000005E-004
2026.3938871600001 0.99971553869773122 1.00000000000000005E-004
2026.4026742799999 0.99888873829564306 1.00000000000000005E-004
2026.4114614400000 0.99346722423634859 1.00000000000000005E-004
2026.4202486300001 0.96781318916524306 1.00000000000000005E-004
2026.4290358700000 0.88468808319437819 1.00000000000000005E-004
2026.4378231400001 0.70458824774151896 1.00000000000000005E-004
2026.4466104500000 0.44789311316529790 1.00000000000000005E-004
2026.4553977900000 0.21027510074935887 1.00000000000000005E-004
2026.4641851800000 6.94881567133338457E-002 1.00000000000000005E-004
2026.4729726000000 2.15717973420185630E-002 1.00000000000000005E-004
2026.4817600700001 3.84067392302260627E-002 1.00000000000000005E-004
2026.4905475700000 0.13289793253373261 1.00000000000000005E-004
2026.4993351000001 0.33135296283885940 1.00000000000000005E-004
2026.5081226800000 0.59321428710951385 1.00000000000000005E-004
2026.5169103000001 0.81625258893352448 1.00000000000000005E-004
2026.5256979500000 0.94037296896000455 1.00000000000000005E-004
2026.5344856400000 0.98615133203593996 1.00000000000000005E-004
2026.5432733700000 0.99756062887835206 1.00000000000000005E-004
2026.5520611300001 0.99954969299996466 1.00000000000000005E-004
2026.5608489399999 0.99982221202842958 1.00000000000000005E-004
2026.5696367800001 0.99987135849892861 1.00000000000000005E-004
2026.5784246600001 0.99989384948100768 1.00000000000000005E-004
2026.5872125799999 0.99990984977852082 1.00000000000000005E-004
2026.5960005400000 0.99992217898160152 1.00000000000000005E-004
2026.6047885400001 0.99993194410072028 1.00000000000000005E-004
2026.6135765700001 0.99993983423975952 1.00000000000000005E-004
2026.6223646399999 0.99994631609151052 1.00000000000000005E-004
2026.6311527500000 0.99995171692946849 1.00000000000000005E-004
2026.6399409000001 0.99995627249631636 1.00000000000000005E-004
2026.6487290900000 0.99996015648815473 1.00000000000000005E-004
2026.6575173100000 0.99996349940412088 1.00000000000000005E-004
2026.6663055700001 0.99996640097332434 1.00000000000000005E-004
2026.6750938700000 0.99996893856038116 1.00000000000000005E-004
2026.6838822100001 0.99997117298652083 1.00000000000000005E-004
2026.6926705900000 0.99997315264439479 1.00000000000000005E-004
2026.7014590000001 0.99997491645904801 1.00000000000000005E-004
2026.7102474599999 0.99997649605003069 1.00000000000000005E-004
2026.7190359500000 0.99997791733325336 1.00000000000000005E-004
2026.7278244800000 0.99997920173852206 1.00000000000000005E-004
2026.7366130400001 0.99998036736606088 1.00000000000000005E-004
2026.7454016500001 0.99998143240678405 1.00000000000000005E-004
2026.7541902900000 0.99998243144536358 1.00000000000000005E-004
2026.7629789699999 0.99998345401385824 1.00000000000000005E-004
2026.7717676899999 0.99998463800603266 1.00000000000000005E-004
2026.7805564499999 0.99998601316605995 1.00000000000000005E-004
2026.7893452500000 0.99998738625397687 1.00000000000000005E-004
2026.7981340800000 0.99998851708130809 1.00000000000000005E-004
2026.8069229499999 0.99998932621481906 1.00000000000000005E-004
2026.8157118600000 0.99998989305842312 1.00000000000000005E-004
2026.8245008100000 0.99999033689688377 1.00000000000000005E-004
2026.8332898000001 0.99999072877234207 1.00000000000000005E-004
2026.8420788200001 0.99999109205887615 1.00000000000000005E-004
2026.8508678900000 0.99999143244358812 1.00000000000000005E-004
2026.8596569900001 0.99999175218342307 1.00000000000000005E-004
2026.8684461299999 0.99999205302071525 1.00000000000000005E-004
2026.8772352999999 0.99999233664527154 1.00000000000000005E-004
2026.8860245200001 0.99999260628322706 1.00000000000000005E-004
2026.8948137699999 0.99999287541731752 1.00000000000000005E-004
2026.9036030600000 0.99999318667826920 1.00000000000000005E-004
2026.9123923899999 0.99999359808913335 1.00000000000000005E-004
2026.9211817600001 0.99999408885535468 1.00000000000000005E-004
2026.9299711700000 0.99999453029138730 1.00000000000000005E-004
2026.9387606099999 0.99999483643297493 1.00000000000000005E-004
2026.9475500900000 0.99999504067658651 1.00000000000000005E-004
2026.9563396100000 0.99999520351691062 1.00000000000000005E-004
2026.9651291700000 0.99999535235451442 1.00000000000000005E-004
2026.9739187700000 0.99999549341283778 1.00000000000000005E-004
2026.9827084000001 0.99999562780198092 1.00000000000000005E-004
2026.9914980700000 0.99999575598578860 1.00000000000000005E-004
2027.0002877800000 0.99999587835471049 1.00000000000000005E-004
2027.0090775300000 0.99999599526699778 1.00000000000000005E-004
2027.0178673200001 0.99999610705302466 1.00000000000000005E-004
2027.0266571400000 0.99999621401800998 1.00000000000000005E-004
2027.0354470100001 0.99999631644430809 1.00000000000000005E-004
2027.0442369100001 0.99999641459334787 1.00000000000000005E-004
2027.0530268499999 0.99999650870757251 1.00000000000000005E-004
2027.0618168200001 0.99999659901217020 1.00000000000000005E-004
2027.0706068400000 0.99999668571648859 1.00000000000000005E-004
2027.0793968900000 0.99999676901533008 1.00000000000000005E-004
2027.0881869899999 0.99999684909018316 1.00000000000000005E-004
2027.0969771200000 0.99999692611027935 1.00000000000000005E-004
2027.1057672800000 0.99999700023372462 1.00000000000000005E-004
2027.1145574899999 0.99999707160937323 1.00000000000000005E-004
2027.1233477300000 0.99999714040600773 1.00000000000000005E-004
2027.1321380200000 0.99999720726348729 1.00000000000000005E-004
2027.1409283400001 0.99999727703490149 1.00000000000000005E-004
2027.1497186900001 0.99999737327120286 1.00000000000000005E-004
2027.1585090900001 0.99999755177987426 1.00000000000000005E-004
2027.1672995300000 0.99999784826964178 1.00000000000000005E-004
2027.1760899999999 0.99999818331666990 1.00000000000000005E-004
2027.1848805100001 0.99999842447780085 1.00000000000000005E-004
2027.1936710600000 0.99999854296771917 1.00000000000000005E-004
2027.2024616500000 0.99999859712488826 1.00000000000000005E-004
2027.2112522699999 0.99999863314037496 1.00000000000000005E-004
2027.2200429400000 0.99999866548215555 1.00000000000000005E-004
2027.2288336399999 0.99999869649557238 1.00000000000000005E-004
2027.2376243799999 0.99999872643049315 1.00000000000000005E-004
2027.2464151600000 0.99999875534509430 1.00000000000000005E-004
2027.2552059699999 0.99999878328548919 1.00000000000000005E-004
2027.2639968300000 0.99999881029498983 1.00000000000000005E-004
2027.2727877200000 0.99999883641453213 1.00000000000000005E-004
2027.2815786500000 0.99999886168423802 1.00000000000000005E-004
2027.2903696200001 0.99999888618101196 1.00000000000000005E-004
2027.2991606200001 0.99999891057840917 1.00000000000000005E-004
2027.3079516700000 0.99999894051389226 1.00000000000000005E-004
2027.3167427500000 0.99999900213598070 1.00000000000000005E-004
2027.3255338700001 0.99999915275835494 1.00000000000000005E-004
2027.3343250299999 0.99999942024450938 1.00000000000000005E-004
2027.3431162300001 0.99999971417196387 1.00000000000000005E-004
2027.3519074599999 0.99999990660817761 1.00000000000000005E-004
2027.3606987400001 0.99999998083879371 1.00000000000000005E-004
2027.3694900500000 0.99999999761331282 1.00000000000000005E-004
2027.3782814000001 0.99999999982339449 1.00000000000000005E-004
2027.3870727900000 0.99999999999235056 1.00000000000000005E-004
2027.3958642099999 0.99999999999980915 1.00000000000000005E-004
2027.4046556799999 0.99999999999999789 1.00000000000000005E-004
2027.4134471800000 1.0000000000000000 1.00000000000000005E-004
2027.4222387200000 1.0000000000000000 1.00000000000000005E-004
2027.4310303000000 1.0000000000000000 1.00000000000000005E-004
2027.4398219100001 1.0000000000000000 1.00000000000000005E-004
2027.4486135699999 1.0000000000000000 1.00000000000000005E-004
2027.4574052600001 1.0000000000000000 1.00000000000000005E-004
2027.4661969900001 1.0000000000000000 1.00000000000000005E-004
2027.4749887600001 1.0000000000000000 1.00000000000000005E-004
2027.4837805699999 1.0000000000000000 1.00000000000000005E-004
2027.4925724100001 1.0000000000000000 1.00000000000000005E-004
2027.5013643000000 1.0000000000000000 1.00000000000000005E-004
2027.5101562200000 1.0000000000000000 1.00000000000000005E-004
2027.5189481800001 1.0000000000000000 1.00000000000000005E-004
2027.5277401799999 1.0000000000000000 1.00000000000000005E-004
2027.5365322099999 1.0000000000000000 1.00000000000000005E-004
2027.5453242900001 1.0000000000000000 1.00000000000000005E-004
2027.5541164000001 1.0000000000000000 1.00000000000000005E-004
2027.5629085500000 1.0000000000000000 1.00000000000000005E-004
2027.5717007400001 1.0000000000000000 1.00000000000000005E-004
2027.5804929599999 1.0000000000000000 1.00000000000000005E-004
2027.5892852300001 1.0000000000000000 1.00000000000000005E-004
2027.5980775300000 1.0000000000000000 1.00000000000000005E-004
2027.6068698700001 1.0000000000000000 1.00000000000000005E-004
2027.6156622500000 1.0000000000000000 1.00000000000000005E-004
2027.6244546700000 1.0000000000000000 1.00000000000000005E-004
2027.6332471200001 1.0000000000000000 1.00000000000000005E-004
2027.6420396200001 1.0000000000000000 1.00000000000000005E-004
2027.6508321500000 1.0000000000000000 1.00000000000000005E-004
2027.6596247200000 1.0000000000000000 1.00000000000000005E-004
2027.6684173300000 1.0000000000000000 1.00000000000000005E-004
2027.6772099699999 1.0000000000000000 1.00000000000000005E-004
2027.6860026600000 1.0000000000000000 1.00000000000000005E-004
2027.6947953800000 1.0000000000000000 1.00000000000000005E-004
2027.7035881400000 1.0000000000000000 1.00000000000000005E-004
2027.7123809400000 1.0000000000000000 1.00000000000000005E-004
2027.7211737700000 1.0000000000000000 1.00000000000000005E-004
2027.7299666500001 1.0000000000000000 1.00000000000000005E-004
2027.7387595600001 1.0000000000000000 1.00000000000000005E-004
2027.7475525100001 1.0000000000000000 1.00000000000000005E-004
2027.7563455000000 1.0000000000000000 1.00000000000000005E-004
2027.7651385300001 1.0000000000000000 1.00000000000000005E-004
2027.7739315900001 1.0000000000000000 1.00000000000000005E-004
2027.7827247000000 1.0000000000000000 1.00000000000000005E-004
2027.7915178400001 1.0000000000000000 1.00000000000000005E-004
2027.8003110200000 1.0000000000000000 1.00000000000000005E-004
2027.8091042399999 1.0000000000000000 1.00000000000000005E-004
2027.8178974900000 1.0000000000000000 1.00000000000000005E-004
2027.8266907899999 1.0000000000000000 1.00000000000000005E-004
2027.8354841200000 1.0000000000000000 1.00000000000000005E-004
2027.8442774900000 1.0000000000000000 1.00000000000000005E-004
2027.8530708999999 1.0000000000000000 1.00000000000000005E-004
2027.8618643400000 1.0000000000000000 1.00000000000000005E-004
2027.8706578300000 1.0000000000000000 1.00000000000000005E-004
2027.8794513500000 1.0000000000000000 1.00000000000000005E-004
2027.8882449099999 1.0000000000000000 1.00000000000000005E-004
2027.8970385099999 1.0000000000000000 1.00000000000000005E-004
2027.9058321499999 1.0000000000000000 1.00000000000000005E-004
2027.9146258300000 1.0000000000000000 1.00000000000000005E-004
2027.9234195399999 1.0000000000000000 1.00000000000000005E-004
2027.9322132899999 1.0000000000000000 1.00000000000000005E-004
2027.9410070800000 1.0000000000000000 1.00000000000000005E-004
2027.9498009100000 1.0000000000000000 1.00000000000000005E-004
2027.9585947700000 1.0000000000000000 1.00000000000000005E-004
2027.9673886800001 1.0000000000000000 1.00000000000000005E-004
2027.9761826199999 1.0000000000000000 1.00000000000000005E-004
2027.9849766000000 1.0000000000000000 1.00000000000000005E-004
2027.9937706200001 1.0000000000000000 1.00000000000000005E-004
2028.0025646800000 1.0000000000000000 1.00000000000000005E-004
